  0.2591043713847099E-28
  0.8544056963775725E-24
  0.2567593365411674E-20
  0.1989181012116452E-17
  0.6008358789491072E-15
  0.8805707645215892E-13
  0.7156528052690218E-11
  0.3525620791365370E-09
  0.1121236083227579E-07
  0.2411144163670565E-06
  0.3631576150693020E-05
  0.3936933981092507E-04
  0.3138535945413289E-03
  0.1871496829597952E-02
  0.8460888008258102E-02
  0.2931256553617249E-01
  0.7847460586540450E-01
  0.1633787327132716    
  0.2657282518773767    
  0.3386432774255889    
  0.3386432774255899    
  0.2657282518773781    
  0.1633787327132716    
  0.7847460586540445E-01
  0.2931256553617250E-01
  0.8460888008258140E-02
  0.1871496829597952E-02
  0.3138535945413316E-03
  0.3936933981092520E-04
  0.3631576150693068E-05
  0.2411144163670553E-06
  0.1121236083227577E-07
  0.3525620791365381E-09
  0.7156528052690313E-11
  0.8805707645216288E-13
  0.6008358789490999E-15
  0.1989181012116534E-17
  0.2567593365411713E-20
  0.8544056963775229E-24
  0.2591043713847146E-28
