  -13.40648733814490    
  -12.82379974948782    
  -12.34296422285966    
  -11.91506194311417    
  -11.52141540078703    
  -11.15240438558513    
  -10.80226075368472    
  -10.46718542134282    
  -10.14450994129284    
  -9.832269807777967    
  -9.528965823390116    
  -9.233420890219159    
  -8.944689217325465    
  -8.661996168134520    
  -8.384696940416269    
  -8.112247311162786    
  -7.844182384460825    
  -7.580100807857491    
  -7.319652822304531    
  -7.062531060248861    
  -6.808463352858795    
  -6.557207031921535    
  -6.308544361112132    
  -6.062278832614302    
  -5.818232135203513    
  -5.576241649329923    
  -5.336158360138362    
  -5.097845105089132    
  -4.861175091791206    
  -4.626030635787155    
  -4.392302078682683    
  -4.159886855131026    
  -3.928688683427671    
  -3.698616859318489    
  -3.469585636418590    
  -3.241513679631013    
  -3.014323580331155    
  -2.787941423981987    
  -2.562296402372608    
  -2.337320463906876    
  -2.112947996371187    
  -1.889115537427007    
  -1.665761508741509    
  -1.442825970215933    
  -1.220250391218954    
 -0.9979774360981055    
 -0.7759507615401455    
 -0.5541148235916168    
 -0.3324146923422317    
 -0.1107958724224391    
  0.1107958724224395    
  0.3324146923422328    
  0.5541148235916170    
  0.7759507615401460    
  0.9979774360981055    
   1.220250391218953    
   1.442825970215932    
   1.665761508741509    
   1.889115537427007    
   2.112947996371189    
   2.337320463906880    
   2.562296402372608    
   2.787941423981989    
   3.014323580331154    
   3.241513679631013    
   3.469585636418586    
   3.698616859318492    
   3.928688683427669    
   4.159886855131030    
   4.392302078682685    
   4.626030635787154    
   4.861175091791210    
   5.097845105089137    
   5.336158360138358    
   5.576241649329923    
   5.818232135203515    
   6.062278832614297    
   6.308544361112133    
   6.557207031921536    
   6.808463352858798    
   7.062531060248862    
   7.319652822304532    
   7.580100807857495    
   7.844182384460813    
   8.112247311162786    
   8.384696940416255    
   8.661996168134509    
   8.944689217325461    
   9.233420890219156    
   9.528965823390108    
   9.832269807777950    
   10.14450994129286    
   10.46718542134282    
   10.80226075368472    
   11.15240438558513    
   11.52141540078704    
   11.91506194311418    
   12.34296422285968    
   12.82379974948783    
   13.40648733814491    
