  0.1109587247968124E-44
  0.2439747588145451E-39
  0.3771626727120608E-35
  0.1332559611764260E-31
  0.1715573147671733E-28
  0.1029405997165090E-25
  0.3345756955752425E-23
  0.6512567257496157E-21
  0.8153640473023852E-19
  0.6923247909577696E-17
  0.4152444109693979E-15
  0.1816624576259642E-13
  0.5948430516056066E-12
  0.1488957349062778E-10
  0.2899359012807831E-09
  0.4456822775225903E-08
  0.5475554619276695E-07
  0.5433516134204976E-06
  0.4394286936267028E-05
  0.2918741904155547E-04
  0.1602773346818459E-03
  0.7317735569655132E-03
  0.2791324828953073E-02
  0.8932178360307835E-02
  0.2406127276610929E-01
  0.5471897093218273E-01
  0.1052987636977858    
  0.1717761569188851    
  0.2378689049586585    
  0.2798531175228297    
  0.2798531175228284    
  0.2378689049586583    
  0.1717761569188846    
  0.1052987636977859    
  0.5471897093218257E-01
  0.2406127276610955E-01
  0.8932178360307793E-02
  0.2791324828953040E-02
  0.7317735569655086E-03
  0.1602773346818435E-03
  0.2918741904155530E-04
  0.4394286936267056E-05
  0.5433516134204942E-06
  0.5475554619276607E-07
  0.4456822775225954E-08
  0.2899359012807726E-09
  0.1488957349062771E-10
  0.5948430516056234E-12
  0.1816624576259644E-13
  0.4152444109694168E-15
  0.6923247909577709E-17
  0.8153640473023401E-19
  0.6512567257496472E-21
  0.3345756955752537E-23
  0.1029405997165115E-25
  0.1715573147671805E-28
  0.1332559611764199E-31
  0.3771626727120947E-35
  0.2439747588145223E-39
  0.1109587247968311E-44
