  0.1597580557090354E-01
  0.8418085486281079E-01
  0.2069085538171210    
  0.3842231734871390    
  0.6161816061341953    
  0.9028548269185389    
   1.244330020370719    
   1.640711100508271    
   2.092118985092141    
   2.598691833263325    
   3.160585293599054    
   3.777972776540512    
   4.451045756624608    
   5.180014107417716    
   5.965106471261244    
   6.806570665739510    
   7.704674128806329    
   8.659704404635539    
   9.671969672441593    
   10.74179932073505    
   11.86954456972479    
   13.05557914485565    
   14.30030000477545    
   15.60412812736315    
   16.96750935782311    
   18.39091532326375    
   19.87484441863585    
   21.41982286941504    
   23.02640587697793    
   24.69517885325326    
   26.42675875193332    
   28.22179550432130    
   30.08097356877627    
   32.00501360371427    
   33.99467427524674    
   36.05075421180787    
   38.17409411955907    
   40.36557907398946    
   42.62614100498784    
   44.95676139477732    
   47.35847421052351    
   49.83236909620130    
   52.37959485149359    
   55.00136322916980    
   57.69895308664156    
   60.47371493231737    
   63.32707591310911    
   66.26054529612726    
   69.27572050543155    
   72.37429378389942    
   75.55805956112408    
   78.82892262109688    
   82.18890717869373    
   85.64016699221315    
   89.18499666106300    
   92.82584428402733    
   96.56532568541368    
   100.4062404551778    
   104.3515900965903    
   108.4045986334363    
   112.5687361010929    
   116.8477454360167    
   121.2456733913799    
   125.7669062497178    
   130.4162112858860    
   135.1987851680565    
   140.1203107885520    
   145.1870244144720    
   150.4057955749705    
   155.7842228072276    
   161.3307493386063    
   167.0548040944398    
   172.9669752488332    
   179.0792261239277    
   185.4051669725803    
   191.9604016601193    
   198.7629764927802    
   205.8339711113254    
   213.1982914195712    
   220.8857572660071    
   228.9326330636793    
   237.3838475453837    
   246.2963309291687    
   255.7442569762264    
   265.8277403161518    
   276.6883175360488    
   288.5392207911357    
   301.7330216770495    
   316.9475845435145    
   335.9381651893007    
