  0.5156324301215867E-01
  0.1099895016257451    
  0.1476821241534349    
  0.1604596898024679    
  0.1509869544306867    
  0.1265690432180270    
  0.9589570082512885E-01
  0.6621537331647080E-01
  0.4188334854168280E-01
  0.2435010251192179E-01
  0.1304096253854420E-01
  0.6443542786299245E-02
  0.2940250443719374E-02
  0.1239848570261946E-02
  0.4833241913894062E-03
  0.1742052805726718E-03
  0.5805349437654215E-04
  0.1788410782112310E-04
  0.5091554525983070E-05
  0.1339062360432579E-05
  0.3251595137475698E-06
  0.7285730050211744E-07
  0.1505309593989667E-07
  0.2865566040839653E-08
  0.5021614714209876E-09
  0.8092857628192808E-10
  0.1198182805323863E-10
  0.1627806954317975E-11
  0.2026724084250243E-12
  0.2309441365517877E-13
  0.2404925208451772E-14
  0.2285023107470429E-15
  0.1977576127017452E-16
  0.1556080632962375E-17
  0.1111038771773161E-18
  0.7182919728835340E-20
  0.4195203033554649E-21
  0.2208073111791219E-22
  0.1044543376339112E-23
  0.4428369038807375E-25
  0.1677318579657749E-26
  0.5656914650125010E-28
  0.1692580772399750E-29
  0.4475067508498922E-31
  0.1040997560288284E-32
  0.2120532004255538E-34
  0.3762988794722133E-36
  0.5784130973794271E-38
  0.7652949670491797E-40
  0.8655252940135841E-42
  0.8302818980665440E-44
  0.6697380650711498E-46
  0.4498747887791585E-48
  0.2488905205078799E-50
  0.1120002579745135E-52
  0.4041021878256553E-55
  0.1149788956446722E-57
  0.2530374523871078E-60
  0.4209731845525538E-63
  0.5151562744070625E-66
  0.4485345355581929E-69
  0.2666579451082230E-72
  0.1027557230509493E-75
  0.2398556032936534E-79
  0.3095971942944366E-83
  0.1943319750143404E-87
  0.4891505804009099E-92
  0.3595304849745276E-97
  0.4213303059335283-103
  0.1679561969655664-110
