  -12.66876437543416    
  -12.07513081691093    
  -11.58496025280491    
  -11.14850877769378    
  -10.74678710851419    
  -10.37001549327117    
  -10.01233040339218    
  -9.669869874337449    
  -9.339921072488394    
  -9.020486509522634    
  -8.710041463565148    
  -8.407388413003460    
  -8.111564755140495    
  -7.821781670173930    
  -7.537382126992401    
  -7.257811151046585    
  -6.982594225356874    
  -6.711321248454659    
  -6.443634387516790    
  -6.179218723493459    
  -5.917794937144206    
  -5.659113513120743    
  -5.402950090834960    
  -5.149101693777027    
  -4.897383640214038    
  -4.647626988421385    
  -4.399676405565430    
  -4.153388375488630    
  -3.908629679892860    
  -3.665276101760377    
  -3.423211310664779    
  -3.182325897857882    
  -2.942516535348422    
  -2.703685238095884    
  -2.465738712277664    
  -2.228587775604848    
  -1.992146838050387    
  -1.756333433253435    
  -1.521067792381344    
  -1.286272453445596    
  -1.051871900040994    
 -0.8177922242548959    
 -0.5839608091108842    
 -0.3503060263958239    
 -0.1167569460916422    
  0.1167569460916420    
  0.3503060263958233    
  0.5839608091108850    
  0.8177922242548963    
   1.051871900040993    
   1.286272453445596    
   1.521067792381343    
   1.756333433253435    
   1.992146838050386    
   2.228587775604848    
   2.465738712277663    
   2.703685238095886    
   2.942516535348422    
   3.182325897857878    
   3.423211310664775    
   3.665276101760378    
   3.908629679892861    
   4.153388375488633    
   4.399676405565423    
   4.647626988421390    
   4.897383640214040    
   5.149101693777031    
   5.402950090834950    
   5.659113513120750    
   5.917794937144206    
   6.179218723493457    
   6.443634387516792    
   6.711321248454660    
   6.982594225356869    
   7.257811151046584    
   7.537382126992407    
   7.821781670173937    
   8.111564755140492    
   8.407388413003451    
   8.710041463565140    
   9.020486509522634    
   9.339921072488387    
   9.669869874337452    
   10.01233040339218    
   10.37001549327117    
   10.74678710851419    
   11.14850877769379    
   11.58496025280492    
   12.07513081691092    
   12.66876437543417    
