  0.2955774603298406E-61
  0.2862184585732739E-55
  0.1567156493775098E-50
  0.1764205704338829E-46
  0.6792433016154138E-43
  0.1169207699819767E-39
  0.1059514692827746E-36
  0.5637192779477090E-34
  0.1902990610031795E-31
  0.4317817343021550E-29
  0.6883457043634121E-27
  0.7985187198172980E-25
  0.6934119819528667E-23
  0.4613471074553912E-21
  0.2397840275617868E-19
  0.9896528989620104E-18
  0.3289162014364547E-16
  0.8909461040666112E-15
  0.1987520834698463E-13
  0.3684849820159028E-12
  0.5723279718502122E-11
  0.7499719914658427E-10
  0.8343055926086988E-09
  0.7922923289150163E-08
  0.6454462950119762E-07
  0.4530535565861344E-06
  0.2750724627401219E-05
  0.1449644419112983E-04
  0.6651741241815345E-04
  0.2664778866933518E-03
  0.9343176869611783E-03
  0.2873197533089714E-02
  0.7764039405399645E-02
  0.1846575115442790E-01
  0.3870859991483776E-01
  0.7160074769184369E-01
  0.1169807338042990    
  0.1689379692759020    
  0.2157749462743301    
  0.2438358538072120    
  0.2438358538072112    
  0.2157749462743298    
  0.1689379692759023    
  0.1169807338042990    
  0.7160074769184366E-01
  0.3870859991483793E-01
  0.1846575115442792E-01
  0.7764039405399571E-02
  0.2873197533089732E-02
  0.9343176869611726E-03
  0.2664778866933498E-03
  0.6651741241815388E-04
  0.1449644419112952E-04
  0.2750724627401257E-05
  0.4530535565861286E-06
  0.6454462950119483E-07
  0.7922923289150465E-08
  0.8343055926086969E-09
  0.7499719914658440E-10
  0.5723279718501871E-11
  0.3684849820159004E-12
  0.1987520834698430E-13
  0.8909461040666353E-15
  0.3289162014364539E-16
  0.9896528989619808E-18
  0.2397840275617883E-19
  0.4613471074553998E-21
  0.6934119819528548E-23
  0.7985187198173462E-25
  0.6883457043633935E-27
  0.4317817343021845E-29
  0.1902990610031709E-31
  0.5637192779477277E-34
  0.1059514692827729E-36
  0.1169207699819699E-39
  0.6792433016153995E-43
  0.1764205704338871E-46
  0.1567156493774963E-50
  0.2862184585733132E-55
  0.2955774603298184E-61
