  0.7053988969198811E-01
  0.3721268180016133    
  0.9165821024832749    
   1.707306531028338    
   2.749199255309428    
   4.048925313850887    
   5.615174970861621    
   7.459017453671064    
   9.594392869581096    
   12.03880254696431    
   14.81429344263074    
   17.94889552051938    
   21.47878824028502    
   25.45170279318692    
   29.93255463170062    
   35.01343424047902    
   40.83305705672856    
   47.61999404734652    
   55.81079575006389    
   66.52441652561578    
