  0.1833794048573577E-36
  0.1673801667907812E-31
  0.1215244123404525E-27
  0.2137658308360075E-24
  0.1417093599573381E-21
  0.4470984365407917E-19
  0.7742382957043738E-17
  0.8094261893464888E-15
  0.5465944031815481E-13
  0.2506655523899694E-11
  0.8111877364930414E-10
  0.1909040543811908E-08
  0.3346793404021463E-07
  0.4457029966817823E-06
  0.4581682707955533E-05
  0.3684019053780684E-04
  0.2342698921092555E-03
  0.1189011781749651E-02
  0.4853263826171922E-02
  0.1603194106841219E-01
  0.4307915915676568E-01
  0.9454893547708593E-01
  0.1700324556771637    
  0.2511308563320030    
  0.3050851292043983    
  0.3050851292043991    
  0.2511308563320027    
  0.1700324556771644    
  0.9454893547708651E-01
  0.4307915915676571E-01
  0.1603194106841218E-01
  0.4853263826171947E-02
  0.1189011781749644E-02
  0.2342698921092540E-03
  0.3684019053780741E-04
  0.4581682707955551E-05
  0.4457029966817897E-06
  0.3346793404021444E-07
  0.1909040543811926E-08
  0.8111877364930441E-10
  0.2506655523899635E-11
  0.5465944031815542E-13
  0.8094261893465320E-15
  0.7742382957043678E-17
  0.4470984365407780E-19
  0.1417093599573446E-21
  0.2137658308360124E-24
  0.1215244123404504E-27
  0.1673801667907775E-31
  0.1833794048573485E-36
