  -10.15910924618009    
  -9.520903677013319    
  -8.992398001404943    
  -8.520569284117633    
  -8.085188654249020    
  -7.675839937504890    
  -7.286276594395604    
  -6.912381532189321    
  -6.551259167062923    
  -6.200773557993437    
  -5.859290196394237    
  -5.525521086138685    
  -5.198426534576294    
  -4.877150077473147    
  -4.560973757935834    
  -4.249286435956004    
  -3.941560733926184    
  -3.637335876170733    
  -3.336204653547586    
  -3.037803338230747    
  -2.741803748069692    
  -2.447906902307684    
  -2.155837871229210    
  -1.865341531233032    
  -1.576179011975020    
  -1.288124674868893    
  -1.000963499560718    
 -0.7144887816725787    
 -0.4285000642206274    
 -0.1428012387034389    
  0.1428012387034389    
  0.4285000642206273    
  0.7144887816725785    
   1.000963499560717    
   1.288124674868893    
   1.576179011975019    
   1.865341531233032    
   2.155837871229211    
   2.447906902307684    
   2.741803748069690    
   3.037803338230748    
   3.336204653547588    
   3.637335876170731    
   3.941560733926182    
   4.249286435956005    
   4.560973757935834    
   4.877150077473152    
   5.198426534576292    
   5.525521086138684    
   5.859290196394232    
   6.200773557993437    
   6.551259167062926    
   6.912381532189316    
   7.286276594395607    
   7.675839937504889    
   8.085188654249016    
   8.520569284117636    
   8.992398001404947    
   9.520903677013314    
   10.15910924618010    
