  0.8841210619034436E-01
  0.1768147390957249    
  0.2113631170159641    
  0.1940811953185980    
  0.1464342824241235    
  0.9332679843577064E-01
  0.5093220436104469E-01
  0.2397619301568456E-01
  0.9774625246714363E-02
  0.3457939993018490E-02
  0.1062246893896856E-02
  0.2832716853243246E-03
  0.6550940500324666E-04
  0.1311606907326798E-04
  0.2268452878779374E-05
  0.3379626482200688E-06
  0.4322821322282106E-07
  0.4728493770990820E-08
  0.4403174104232752E-09
  0.3472441484803772E-10
  0.2305381544916814E-11
  0.1279772597676638E-12
  0.5894177172351101E-14
  0.2232217579904586E-15
  0.6880336484284287E-17
  0.1705603736818089E-18
  0.3353711940666166E-20
  0.5146199560136652E-22
  0.6044762511587807E-24
  0.5310584777321783E-26
  0.3392528053280542E-28
  0.1521735493181495E-30
  0.4585291614503310E-33
  0.8762158657487596E-36
  0.9827415725149078E-39
  0.5801152019169845E-42
  0.1530908684606729E-45
  0.1381986305649321E-49
  0.2566633605012368E-54
  0.2700360940216999E-60
