  0.1360224249235608E-69
  0.2506289389600351E-63
  0.2368390700183938E-58
  0.4384966299823838E-54
  0.2695943873799183E-50
  0.7264422087501860E-47
  0.1015984453644304E-43
  0.8256641293694969E-41
  0.4224614459801949E-38
  0.1444559003928803E-35
  0.3456007258807790E-33
  0.5998718551614429E-31
  0.7778849187289183E-29
  0.7719967821374340E-27
  0.5982751013848985E-25
  0.3682672905315717E-23
  0.1826917938283100E-21
  0.7396342358360067E-20
  0.2470550592287954E-18
  0.6873779799096221E-17
  0.1606474294270320E-15
  0.3177312959963936E-14
  0.5353372486198155E-13
  0.7729303108601711E-12
  0.9613782869159363E-11
  0.1035023372624069E-09
  0.9686384924880252E-09
  0.7910416614910582E-08
  0.5656785290092891E-07
  0.3553304582949743E-06
  0.1966140849465899E-05
  0.9607776074179411E-05
  0.4155792110254338E-04
  0.1594421436848050E-03
  0.5435922495296270E-03
  0.1649605536181231E-02
  0.4462299859503450E-02
  0.1077378662464248E-01
  0.2324322817375504E-01
  0.4484998813239052E-01
  0.7746762760551287E-01
  0.1198565559023902    
  0.1661949726099598    
  0.2066143037039247    
  0.2303579701819453    
  0.2303579701819447    
  0.2066143037039253    
  0.1661949726099596    
  0.1198565559023911    
  0.7746762760551257E-01
  0.4484998813239034E-01
  0.2324322817375518E-01
  0.1077378662464247E-01
  0.4462299859503456E-02
  0.1649605536181240E-02
  0.5435922495296276E-03
  0.1594421436848070E-03
  0.4155792110254447E-04
  0.9607776074179819E-05
  0.1966140849465899E-05
  0.3553304582949691E-06
  0.5656785290093051E-07
  0.7910416614910645E-08
  0.9686384924880792E-09
  0.1035023372624038E-09
  0.9613782869159352E-11
  0.7729303108601881E-12
  0.5353372486198500E-13
  0.3177312959963793E-14
  0.1606474294270291E-15
  0.6873779799096041E-17
  0.2470550592287957E-18
  0.7396342358359981E-20
  0.1826917938283198E-21
  0.3682672905315746E-23
  0.5982751013848614E-25
  0.7719967821373857E-27
  0.7778849187290697E-29
  0.5998718551614511E-31
  0.3456007258808433E-33
  0.1444559003928670E-35
  0.4224614459802557E-38
  0.8256641293693855E-41
  0.1015984453644450E-43
  0.7264422087502089E-47
  0.2695943873799350E-50
  0.4384966299823873E-54
  0.2368390700184018E-58
  0.2506289389600595E-63
  0.1360224249235433E-69
