  0.5985609246693274E-53
  0.2868816891233863E-47
  0.8632811368707145E-43
  0.5621622224395819E-39
  0.1291378802533793E-35
  0.1353842810777681E-32
  0.7579831860431134E-30
  0.2517269378501677E-27
  0.5343021620962857E-25
  0.7661592397261487E-23
  0.7745473674517249E-21
  0.5709512432304801E-19
  0.3153321059872478E-17
  0.1334243468124767E-15
  0.4406117539794788E-14
  0.1153495256018341E-12
  0.2425962302235435E-11
  0.4145791033248667E-10
  0.5813734448427983E-09
  0.6747331288132380E-08
  0.6529293418948471E-07
  0.5302485633505220E-06
  0.3634490404718148E-05
  0.2113123326730644E-04
  0.1046699428500675E-03
  0.4433999966333211E-03
  0.1611735395355836E-02
  0.5041636747637941E-02
  0.1360532756061862E-01
  0.3174127819005094E-01
  0.6413364098536893E-01
  0.1123881650198197    
  0.1710101529360391    
  0.2261284438373448    
  0.2599931062031599    
  0.2599931062031614    
  0.2261284438373450    
  0.1710101529360390    
  0.1123881650198195    
  0.6413364098536901E-01
  0.3174127819005065E-01
  0.1360532756061858E-01
  0.5041636747637947E-02
  0.1611735395355849E-02
  0.4433999966333282E-03
  0.1046699428500670E-03
  0.2113123326730601E-04
  0.3634490404718281E-05
  0.5302485633505283E-06
  0.6529293418948393E-07
  0.6747331288132447E-08
  0.5813734448428277E-09
  0.4145791033248564E-10
  0.2425962302235446E-11
  0.1153495256018347E-12
  0.4406117539794945E-14
  0.1334243468124808E-15
  0.3153321059872476E-17
  0.5709512432304660E-19
  0.7745473674517206E-21
  0.7661592397261248E-23
  0.5343021620962787E-25
  0.2517269378501573E-27
  0.7579831860431153E-30
  0.1353842810777588E-32
  0.1291378802533716E-35
  0.5621622224396861E-39
  0.8632811368707142E-43
  0.2868816891234301E-47
  0.5985609246692909E-53
