  0.3639260588340507E-01
  0.7967674621295201E-01
  0.1121151033424876    
  0.1303566129751416    
  0.1340433397284611    
  0.1254070907806649    
  0.1083141120972593    
  0.8709663846996041E-01
  0.6555100931230927E-01
  0.4634013358264293E-01
  0.3084630862768127E-01
  0.1936782811398109E-01
  0.1148544236018009E-01
  0.6438951001610774E-02
  0.3414979989692745E-02
  0.1714319740182221E-02
  0.8148715915878057E-03
  0.3668548365994803E-03
  0.1564520741780995E-03
  0.6321087052888399E-04
  0.2419575226518895E-04
  0.8774309763755136E-05
  0.3014267486000923E-05
  0.9808335899345471E-06
  0.3022638743532238E-06
  0.8820058395295849E-07
  0.2436425856200688E-07
  0.6369711373901740E-08
  0.1575600320459666E-08
  0.3686329201345954E-09
  0.8154798924224583E-10
  0.1705062556826074E-10
  0.3368214170866632E-11
  0.6283524955366433E-12
  0.1106498015983245E-12
  0.1838350175454837E-13
  0.2880115057230501E-14
  0.4252612897337069E-15
  0.5914432467252237E-16
  0.7743089102499817E-17
  0.9536249449074770E-18
  0.1104094516986861E-18
  0.1200846970430455E-19
  0.1226007007490465E-20
  0.1174021714646697E-21
  0.1053594064608710E-22
  0.8853231768474162E-24
  0.6959198775483252E-25
  0.5112369815465778E-26
  0.3506272148817141E-27
  0.2242646272693877E-28
  0.1336209423445783E-29
  0.7407428957575989E-31
  0.3815860137136253E-32
  0.1824200197682882E-33
  0.8081632336063905E-35
  0.3313063801862494E-36
  0.1254832997687633E-37
  0.4383790980162192E-39
  0.1410139229217363E-40
  0.4168863999668459E-42
  0.1130481904477189E-43
  0.2806037496787273E-45
  0.6361270570982511E-47
  0.1313981195977995E-48
  0.2466810692170666E-50
  0.4197747022871600E-52
  0.6456269104911968E-54
  0.8947337248622874E-56
  0.1113566974699816E-57
  0.1240235042255431E-59
  0.1231376572608270E-61
  0.1085367448905238E-63
  0.8454956490954258E-66
  0.5792630756609644E-68
  0.3471854776351059E-70
  0.1809859533562273E-72
  0.8153752608413308E-75
  0.3152472548793600E-77
  0.1037900589915186E-79
  0.2884875523308102E-82
  0.6704801225971727E-85
  0.1288963746436554E-87
  0.2024848345154285E-90
  0.2563392219967208E-93
  0.2573961507517254E-96
  0.2012654787480788E-99
  0.1199484419382445-102
  0.5312132731540243-106
  0.1695969259446786-109
  0.3762097298634239-113
  0.5539641754449731-117
  0.5110640477092002-121
  0.2739965469400832-125
  0.7713611492634756-130
  0.9882494600959965-135
  0.4646863007293652-140
  0.5626037295020972-146
  0.8905031405887822-153
  0.3246565163435943-161
