  0.3570039430888942E-01
  0.1881622831587022    
  0.4626942813145866    
  0.8597729639729443    
   1.380010820527342    
   2.024209135922826    
   2.793369353506822    
   3.688702677908278    
   4.711641146554979    
   5.863850878343724    
   7.147247908102297    
   8.564017017586160    
   10.11663404845193    
   11.80789229400457    
   13.64093371253709    
   15.61928589333907    
   17.74690595009565    
   20.02823283457488    
   22.46824998349842    
   25.07256077242622    
   27.84748000916886    
   30.80014573944547    
   33.93865708491373    
   37.27224588047600    
   40.81149282388692    
   44.56860317533445    
   48.55776353306001    
   52.79561118721696    
   57.30186332339360    
   62.10017907277508    
   67.21937092712700    
   72.69515884761245    
   78.57280291157130    
   84.91123113570499    
   91.78987467123635    
   99.32080871744682    
   107.6724406393882    
   117.1223095126907    
   128.2018419882557    
   142.2800444691600    
