  -11.05524074313813    
  -10.43445977632122    
  -9.921006472572635    
  -9.463123960846215    
  -9.041062313334120    
  -8.644651865500562    
  -8.267795115231806    
  -7.906474941968780    
  -7.557868064989613    
  -7.219894002301886    
  -6.890962890390407    
  -6.569824178756663    
  -6.255470718878317    
  -5.947075224471372    
  -5.643946622345247    
  -5.345499141573251    
  -5.051229848971599    
  -4.760701953171353    
  -4.473532150138190    
  -4.189380863492577    
  -3.907944598868089    
  -3.628949868637254    
  -3.352148300772357    
  -3.077312652449755    
  -2.804233522930287    
  -2.532716612290729    
  -2.262580409789946    
  -1.993654222623146    
  -1.725776475600950    
  -1.458793226948398    
  -1.192556856365407    
 -0.9269248897066168    
 -0.6617589308125670    
 -0.3969236756429884    
 -0.1322859872703158    
  0.1322859872703153    
  0.3969236756429881    
  0.6617589308125664    
  0.9269248897066160    
   1.192556856365407    
   1.458793226948399    
   1.725776475600952    
   1.993654222623145    
   2.262580409789948    
   2.532716612290727    
   2.804233522930289    
   3.077312652449756    
   3.352148300772356    
   3.628949868637255    
   3.907944598868090    
   4.189380863492576    
   4.473532150138188    
   4.760701953171355    
   5.051229848971600    
   5.345499141573249    
   5.643946622345244    
   5.947075224471368    
   6.255470718878315    
   6.569824178756667    
   6.890962890390413    
   7.219894002301882    
   7.557868064989612    
   7.906474941968786    
   8.267795115231809    
   8.644651865500558    
   9.041062313334116    
   9.463123960846207    
   9.921006472572630    
   10.43445977632120    
   11.05524074313813    
