  0.1796042330070540E-01
  0.9463991299436866E-01
  0.2326228681258757    
  0.4319925478023908    
  0.6928288613520265    
   1.015232556189464    
   1.399327687842864    
   1.845262303835821    
   2.353208871609247    
   2.923364686555438    
   3.555952314046153    
   4.251220082309878    
   5.009442633620148    
   5.830921538608719    
   6.715985977851316    
   7.664993494891756    
   8.678330825167693    
   9.756414805742921    
   10.89969337128785    
   12.10864664236569    
   13.38378811277865    
   14.72566594350859    
   16.13486437166246    
   17.61200524381445    
   19.15774968424124    
   20.77279990979209    
   22.45790120454044    
   24.21384406895865    
   26.04146656016556    
   27.94165684185946    
   29.91535596490099    
   31.96356090220891    
   34.08732786472618    
   36.28777592878144    
   38.56609100929219    
   40.92353021803125    
   43.36142665173124    
   45.88119466127888    
   48.48433566083322    
   51.17244454460700    
   53.94721678955447    
   56.81045633463624    
   59.76408434210995    
   62.81014896392645    
   65.95083625745602    
   69.18848242023634    
   72.52558754426336    
   75.96483112786417    
   79.50908962908892    
   83.16145640105371    
   86.92526441961567    
   90.80411230094083    
   94.80189421594741    
   98.92283444694058    
   103.1715275080391    
   107.5529849775399    
   112.0726904841283    
   116.7366646735037    
   121.5515424909526    
   126.5246657965155    
   131.6641952521203    
   136.9792466869370    
   142.4800589121617    
   148.1782024550044    
   154.0868422817987    
   160.2210728700957    
   166.5983519340540    
   173.2390713342494    
   180.1673230490323    
   187.4119496769638    
   195.0080224415328    
   202.9989841950748    
   211.4398704948366    
   220.4023681517359    
   229.9832060756800    
   240.3190870558415    
   251.6158793304997    
   264.2138238831992    
   278.7667330460048    
   296.9665119956513    
