  0.4740718054080601E-01
  0.2499239167531608    
  0.6148334543927633    
   1.143195825666097    
   1.836454554622563    
   2.696521874557201    
   3.725814507779498    
   4.927293765849876    
   6.304515590965067    
   7.861693293370256    
   9.603775985479258    
   11.53654659795615    
   13.66674469306424    
   16.00222118898107    
   18.55213484014316    
   21.32720432178313    
   24.34003576453270    
   27.60555479678096    
   31.14158670111125    
   34.96965200824908    
   39.11608494906789    
   43.61365290848484    
   48.50398616380420    
   53.84138540650751    
   59.69912185923549    
   66.18061779443849    
   73.44123859555989    
   81.73681050672768    
   91.55646652253682    
   104.1575244310589    
