  -14.77665767279887    
  -14.21234268518182    
  -13.74711443875714    
  -13.33345557634819    
  -12.95321838826673    
  -12.59705365289248    
  -12.25935501041719    
  -11.93642976129830    
  -11.62568427112607    
  -11.32520934210643    
  -11.03354829689080    
  -10.74955778347438    
  -10.47231951742110    
  -10.20108180281192    
  -9.935219358473343    
  -9.674204872582855    
  -9.417588337913024    
  -9.164981704241812    
  -8.916047258707859    
  -8.670488678937041    
  -8.428044040481756    
  -8.188480278386239    
  -7.951588747698471    
  -7.717181626214270    
  -7.485088970925406    
  -7.255156287705451    
  -7.027242508191386    
  -6.801218292840448    
  -6.576964597572052    
  -6.354371455149121    
  -6.133336932819887    
  -5.913766235641710    
  -5.695570930990147    
  -5.478668274478024    
  -5.262980621208508    
  -5.048434909204802    
  -4.834962204181141    
  -4.622497296677889    
  -4.410978344081722    
  -4.200346551265898    
  -3.990545884575895    
  -3.781522814697193    
  -3.573226084610587    
  -3.365606499393596    
  -3.158616735086567    
  -2.952211164225761    
  -2.746345695966999    
  -2.540977628993578    
  -2.336065515629480    
  -2.131569035771020    
  -1.927448879412476    
  -1.723666636678717    
  -1.520184694394297    
  -1.316966138316938    
  -1.113974660246328    
 -0.9111744692890448    
 -0.7085302066184780    
 -0.5060068631166956    
 -0.3035696993240684    
 -0.1011841671531837    
  0.1011841671531831    
  0.3035696993240681    
  0.5060068631166962    
  0.7085302066184793    
  0.9111744692890444    
   1.113974660246328    
   1.316966138316938    
   1.520184694394298    
   1.723666636678716    
   1.927448879412477    
   2.131569035771021    
   2.336065515629477    
   2.540977628993577    
   2.746345695966997    
   2.952211164225760    
   3.158616735086567    
   3.365606499393595    
   3.573226084610592    
   3.781522814697196    
   3.990545884575890    
   4.200346551265897    
   4.410978344081724    
   4.622497296677894    
   4.834962204181140    
   5.048434909204808    
   5.262980621208511    
   5.478668274478021    
   5.695570930990143    
   5.913766235641710    
   6.133336932819883    
   6.354371455149121    
   6.576964597572048    
   6.801218292840449    
   7.027242508191384    
   7.255156287705452    
   7.485088970925410    
   7.717181626214275    
   7.951588747698474    
   8.188480278386235    
   8.428044040481767    
   8.670488678937048    
   8.916047258707867    
   9.164981704241809    
   9.417588337913026    
   9.674204872582850    
   9.935219358473342    
   10.20108180281194    
   10.47231951742109    
   10.74955778347438    
   11.03354829689080    
   11.32520934210642    
   11.62568427112608    
   11.93642976129830    
   12.25935501041718    
   12.59705365289247    
   12.95321838826673    
   13.33345557634820    
   13.74711443875714    
   14.21234268518181    
   14.77665767279887    
