  0.7140472613518538E-01
  0.1471486069645836    
  0.1856716275748224    
  0.1843853825273634    
  0.1542011686063609    
  0.1116853699022707    
  0.7105288549019760E-01
  0.4002027691150848E-01
  0.2005062308007163E-01
  0.8960851203646272E-02
  0.3578112415315652E-02
  0.1277617156789035E-02
  0.4080302449837207E-03
  0.1165288322309731E-03
  0.2974170493694177E-04
  0.6777842526541984E-05
  0.1377479503171360E-05
  0.2492886181720102E-06
  0.4010354350427846E-07
  0.5723331748141401E-08
  0.7229434249182619E-09
  0.8061710142281596E-10
  0.7913393099943588E-11
  0.6815736617676678E-12
  0.5132426716589357E-13
  0.3365624762437801E-14
  0.1913476326965028E-15
  0.9385589781827198E-17
  0.3950069964503469E-18
  0.1417749517827563E-19
  0.4309970276292373E-21
  0.1101257519845590E-22
  0.2344617755608953E-24
  0.4118544154638172E-26
  0.5902246763597068E-28
  0.6812008916553138E-30
  0.6237449498812029E-32
  0.4452440579683785E-34
  0.2426862352250522E-36
  0.9852971481050323E-39
  0.2891078872318609E-41
  0.5906162708113481E-44
  0.8012874597505034E-47
  0.6789575424396947E-50
  0.3308173010849230E-53
  0.8250964876440001E-57
  0.8848728128298574E-61
  0.3064894889844346E-65
  0.1988708229330776E-70
  0.6049567152239162E-77
