  0.1160440860203954    
  0.2208511247506910    
  0.2413998275878744    
  0.1946367684464165    
  0.1237284159668809    
  0.6367878036898901E-01
  0.2686047527338101E-01
  0.9338070881604271E-02
  0.2680696891336924E-02
  0.6351291219408799E-03
  0.1239074599068869E-03
  0.1982878843895292E-04
  0.2589350929131500E-05
  0.2740942840536085E-06
  0.2332831165025778E-07
  0.1580745574778388E-08
  0.8427479123057054E-10
  0.3485161234908011E-11
  0.1099018059753462E-12
  0.2588312664959273E-14
  0.4437838059840322E-16
  0.5365918308212275E-18
  0.4393946892291712E-20
  0.2311409794388747E-22
  0.7274588498293693E-25
  0.1239149701448453E-27
  0.9832375083106051E-31
  0.2842323553402816E-34
  0.1878608031749627E-38
  0.8745980440465031E-44
