  0.1381974865217985-111
  0.3509181844113692-104
  0.3026373334262135E-98
  0.4158421600044766E-93
  0.1667880297825981E-88
  0.2682005981650984E-84
  0.2097034861305165E-80
  0.9066403209520368E-77
  0.2374423268277239E-73
  0.4030805114621851E-70
  0.4672594722266544E-67
  0.3854240378063203E-64
  0.2338762769786224E-61
  0.1072993297938020E-58
  0.3808168786091329E-56
  0.1066022499092609E-53
  0.2393104639631130E-51
  0.4370607696406346E-49
  0.6575821702862672E-47
  0.8240826262913930E-45
  0.8686357703860279E-43
  0.7768187612499170E-41
  0.5940045844506544E-39
  0.3910942650458553E-37
  0.2231180299371479E-35
  0.1109262187659330E-33
  0.4831049309526822E-32
  0.1851916098973366E-30
  0.6275737177773716E-29
  0.1887592909399984E-27
  0.5057672671625383E-26
  0.1211342378719611E-24
  0.2601481100702397E-23
  0.5024296548115434E-22
  0.8749894576885112E-21
  0.1377503165367778E-19
  0.1964980550989647E-18
  0.2545330525629659E-17
  0.3000069118799073E-16
  0.3223605161717140E-15
  0.3163328449003349E-14
  0.2839598650695410E-13
  0.2335349271159734E-12
  0.1762210362899921E-11
  0.1221696299781533E-10
  0.7791468299753676E-10
  0.4576585497607257E-09
  0.2478635310548774E-08
  0.1239035748580961E-07
  0.5722385805549701E-07
  0.2443917996167503E-06
  0.9660064601316754E-06
  0.3536714215846999E-05
  0.1200231943804735E-04
  0.3778083936626906E-04
  0.1103807491294420E-03
  0.2994908476083461E-03
  0.7550492714138813E-03
  0.1769628823233107E-02
  0.3857439375028027E-02
  0.7823530700957546E-02
  0.1476904156072457E-01
  0.2595909730605532E-01
  0.4249518899231199E-01
  0.6480546028797199E-01
  0.9208687757656545E-01
  0.1219480985652837    
  0.1505236228893418    
  0.1731938208435383    
  0.1857755947496458    
  0.1857755947496465    
  0.1731938208435387    
  0.1505236228893406    
  0.1219480985652846    
  0.9208687757656578E-01
  0.6480546028797148E-01
  0.4249518899231226E-01
  0.2595909730605540E-01
  0.1476904156072473E-01
  0.7823530700957355E-02
  0.3857439375027995E-02
  0.1769628823233114E-02
  0.7550492714138939E-03
  0.2994908476083481E-03
  0.1103807491294431E-03
  0.3778083936626889E-04
  0.1200231943804732E-04
  0.3536714215846953E-05
  0.9660064601316618E-06
  0.2443917996167556E-06
  0.5722385805549829E-07
  0.1239035748580902E-07
  0.2478635310548637E-08
  0.4576585497607260E-09
  0.7791468299753512E-10
  0.1221696299781559E-10
  0.1762210362899886E-11
  0.2335349271159731E-12
  0.2839598650695077E-13
  0.3163328449003314E-14
  0.3223605161717103E-15
  0.3000069118799342E-16
  0.2545330525629713E-17
  0.1964980550989705E-18
  0.1377503165367817E-19
  0.8749894576884672E-21
  0.5024296548115727E-22
  0.2601481100702157E-23
  0.1211342378719569E-24
  0.5057672671624819E-26
  0.1887592909399853E-27
  0.6275737177774748E-29
  0.1851916098973448E-30
  0.4831049309526805E-32
  0.1109262187659213E-33
  0.2231180299371357E-35
  0.3910942650459100E-37
  0.5940045844504958E-39
  0.7768187612500181E-41
  0.8686357703858544E-43
  0.8240826262913940E-45
  0.6575821702862075E-47
  0.4370607696406120E-49
  0.2393104639630448E-51
  0.1066022499092455E-53
  0.3808168786092092E-56
  0.1072993297938099E-58
  0.2338762769785952E-61
  0.3854240378062398E-64
  0.4672594722267328E-67
  0.4030805114622172E-70
  0.2374423268277562E-73
  0.9066403209519990E-77
  0.2097034861305229E-80
  0.2682005981651023E-84
  0.1667880297825950E-88
  0.4158421600046085E-93
  0.3026373334262563E-98
  0.3509181844114631-104
  0.1381974865217895-111
