  0.2863051833937659E-01
  0.1508829356769265    
  0.3709487815348756    
  0.6890906998810192    
   1.105625023539897    
   1.620961751102487    
   2.235610375915172    
   2.950183366641836    
   3.765399774405788    
   4.682089387559288    
   5.701197574784899    
   6.823790909794557    
   8.051063669390789    
   9.384345308258400    
   10.82510903154915    
   12.37498160875746    
   14.03575459982990    
   15.80939719784466    
   17.69807093335024    
   19.70414653546158    
   21.83022330657825    
   24.07915144441152    
   26.45405784125300    
   28.95837601193740    
   31.59588095662289    
   34.37072996309045    
   37.28751061055051    
   40.35129757358608    
   43.56772026999504    
   46.94304399160304    
   50.48426796312989    
   54.19924488016861    
   58.09682801724856    
   62.18705417568894    
   66.48137387844484    
   70.99294482661952    
   75.73701154772732    
   80.73140480247763    
   85.99721113646326    
   91.55969041253381    
   97.44956561485063    
   103.7048912366923    
   110.3738588076403    
   117.5191982031111    
   125.2254701334735    
   133.6120279227288    
   142.8583254892540    
   153.2603719726037    
   165.3856433166827    
   180.6983437092144    
