  -9.182406958129317    
  -8.522771030917802    
  -7.975622368205634    
  -7.486409429864191    
  -7.034323509770614    
  -6.608647973855359    
  -6.202952519274663    
  -5.812994675420409    
  -5.435786087224947    
  -5.069117584917232    
  -4.711293666169042    
  -4.360973160454580    
  -4.017068172858136    
  -3.678677062515270    
  -3.345038313937889    
  -3.015497769574524    
  -2.689484702267743    
  -2.366493904298663    
  -2.046071968686410    
  -1.727806547515899    
  -1.411317754898300    
  -1.096251128957682    
 -0.7822717295546072    
 -0.4690590566782362    
 -0.1563025468894686    
  0.1563025468894683    
  0.4690590566782361    
  0.7822717295546070    
   1.096251128957681    
   1.411317754898301    
   1.727806547515899    
   2.046071968686409    
   2.366493904298663    
   2.689484702267748    
   3.015497769574521    
   3.345038313937892    
   3.678677062515271    
   4.017068172858135    
   4.360973160454578    
   4.711293666169040    
   5.069117584917232    
   5.435786087224950    
   5.812994675420402    
   6.202952519274668    
   6.608647973855361    
   7.034323509770616    
   7.486409429864191    
   7.975622368205639    
   8.522771030917799    
   9.182406958129320    
