  0.2229393645534147E-12
  0.4399340992273224E-09
  0.1086069370769280E-06
  0.7802556478532070E-05
  0.2283386360163538E-03
  0.3243773342237873E-02
  0.2481052088746360E-01
  0.1090172060200234    
  0.2866755053628344    
  0.4622436696006095    
  0.4622436696006107    
  0.2866755053628339    
  0.1090172060200235    
  0.2481052088746375E-01
  0.3243773342237868E-02
  0.2283386360163541E-03
  0.7802556478532019E-05
  0.1086069370769285E-06
  0.4399340992273195E-09
  0.2229393645534176E-12
