  0.2054416708118787-145
  0.2732465162825528-137
  0.9432600942468263-131
  0.4524938050944217-125
  0.5810730141307335-120
  0.2815032404457136-115
  0.6336263515425702-111
  0.7611864529119826-107
  0.5384363243956324-103
  0.2412312707912888E-99
  0.7239833367769358E-96
  0.1521418933529828E-92
  0.2320223506037042E-89
  0.2644577567387072E-86
  0.2308944719381335E-83
  0.1576705617416395E-80
  0.8572719586537793E-78
  0.3768970435716341E-75
  0.1358044302828411E-72
  0.4058234930640820E-70
  0.1016360079978835E-67
  0.2153291709812589E-65
  0.3891683727189129E-63
  0.6045377200020792E-61
  0.8126790750026944E-59
  0.9512858436195152E-57
  0.9750971000502711E-55
  0.8797698743365486E-53
  0.7019877375615972E-51
  0.4975309437664541E-49
  0.3144746210763325E-47
  0.1779262700015778E-45
  0.9042323755852323E-44
  0.4140913330744090E-42
  0.1713890620936641E-40
  0.6429078351287867E-39
  0.2191399677747704E-37
  0.6803902008209828E-36
  0.1928627037898694E-34
  0.5001746108250372E-33
  0.1189191561980804E-31
  0.2596933746690444E-30
  0.5218230889350462E-29
  0.9664279875330043E-28
  0.1652300369436352E-26
  0.2611759991169766E-25
  0.3822243252197674E-24
  0.5185935664290926E-23
  0.6531481358535784E-22
  0.7645309515504581E-21
  0.8326704096373066E-20
  0.8447266331508793E-19
  0.7990436564615471E-18
  0.7054393638104171E-17
  0.5818163460665660E-16
  0.4486742372345916E-15
  0.3237860223395428E-14
  0.2188322788994839E-13
  0.1386175728124605E-12
  0.8235494481006450E-12
  0.4592199654153358E-11
  0.2404871114441369E-10
  0.1183501518621499E-09
  0.5476513465735084E-09
  0.2384169401102608E-08
  0.9769996535947790E-08
  0.3770428854510323E-07
  0.1370974038789165E-06
  0.4698960384120148E-06
  0.1518761457310976E-05
  0.4630877921275302E-05
  0.1332550754307673E-04
  0.3619943334349557E-04
  0.9286644634498864E-04
  0.2250542300807454E-03
  0.5153593210702756E-03
  0.1115429867688645E-02
  0.2282388873801868E-02
  0.4416212717028008E-02
  0.8081888888942177E-02
  0.1399135895453458E-01
  0.2291737039107598E-01
  0.3552168305997000E-01
  0.5210801674713535E-01
  0.7235169176829617E-01
  0.9509757170991459E-01
  0.1183321772344894    
  0.1394048174496573    
  0.1554947647943768    
  0.1642219408705581    
  0.1642219408705592    
  0.1554947647943760    
  0.1394048174496580    
  0.1183321772344895    
  0.9509757170991434E-01
  0.7235169176829596E-01
  0.5210801674713501E-01
  0.3552168305997054E-01
  0.2291737039107564E-01
  0.1399135895453472E-01
  0.8081888888942172E-02
  0.4416212717027967E-02
  0.2282388873801881E-02
  0.1115429867688629E-02
  0.5153593210702700E-03
  0.2250542300807416E-03
  0.9286644634498905E-04
  0.3619943334349528E-04
  0.1332550754307660E-04
  0.4630877921275231E-05
  0.1518761457311008E-05
  0.4698960384120308E-06
  0.1370974038789154E-06
  0.3770428854510316E-07
  0.9769996535948564E-08
  0.2384169401102574E-08
  0.5476513465735094E-09
  0.1183501518621556E-09
  0.2404871114441423E-10
  0.4592199654153316E-11
  0.8235494481007067E-12
  0.1386175728124583E-12
  0.2188322788995018E-13
  0.3237860223395183E-14
  0.4486742372345838E-15
  0.5818163460665530E-16
  0.7054393638104411E-17
  0.7990436564615146E-18
  0.8447266331508397E-19
  0.8326704096373074E-20
  0.7645309515504584E-21
  0.6531481358535564E-22
  0.5185935664290522E-23
  0.3822243252197536E-24
  0.2611759991169349E-25
  0.1652300369436429E-26
  0.9664279875329807E-28
  0.5218230889350873E-29
  0.2596933746690462E-30
  0.1189191561980914E-31
  0.5001746108250446E-33
  0.1928627037898382E-34
  0.6803902008210924E-36
  0.2191399677747950E-37
  0.6429078351287921E-39
  0.1713890620936374E-40
  0.4140913330744644E-42
  0.9042323755852352E-44
  0.1779262700016260E-45
  0.3144746210762969E-47
  0.4975309437664263E-49
  0.7019877375616553E-51
  0.8797698743364560E-53
  0.9750971000502562E-55
  0.9512858436198184E-57
  0.8126790750028608E-59
  0.6045377200021349E-61
  0.3891683727190107E-63
  0.2153291709812564E-65
  0.1016360079978681E-67
  0.4058234930640758E-70
  0.1358044302827895E-72
  0.3768970435716667E-75
  0.8572719586538697E-78
  0.1576705617416191E-80
  0.2308944719381958E-83
  0.2644577567387052E-86
  0.2320223506037382E-89
  0.1521418933530136E-92
  0.7239833367770416E-96
  0.2412312707911880E-99
  0.5384363243955264-103
  0.7611864529118769-107
  0.6336263515422301-111
  0.2815032404456677-115
  0.5810730141304750-120
  0.4524938050944637-125
  0.9432600942462322-131
  0.2732465162826913-137
  0.2054416708118381-145
