  0.2389797726272628E-01
  0.1259347188816817    
  0.3095789343267672    
  0.5749955420927786    
  0.9223694821166393    
   1.351938360008153    
   1.863996344299195    
   2.458895843822422    
   3.137049009785896    
   3.898929387204992    
   4.745073800125889    
   5.676084508246915    
   6.692631662786583    
   7.795456089031017    
   8.985372425657662    
   10.26327265503791    
   11.63013006384187    
   13.08700367935023    
   14.63504323401834    
   16.27549471920939    
   18.00970659885711    
   19.83913676543404    
   21.76536033437353    
   23.79007838949421    
   25.91512781160490    
   28.14249234607982    
   30.47431509373952    
   32.91291264408037    
   35.46079111232240    
   38.12066439392713    
   40.89547501481297    
   43.78841803594063    
   46.80296857185651    
   49.94291361031775    
   53.21238898258834    
   56.61592254269701    
   60.15848488450042    
   63.84554927953221    
   67.68316298705956    
   71.67803271444738    
   75.83762785465707    
   80.17030629260790    
   84.68546919450930    
   89.39375349025278    
   94.30727406611895    
   99.43993254288982    
   104.8078168074775    
   110.4297266865163    
   116.3278788975313    
   122.5288733841398    
   129.0650521852982    
   135.9764686041133    
   143.3138452602460    
   151.1432166956152    
   159.5536252388510    
   168.6708065489221    
   178.6839250131463    
   189.9052469621337    
   202.9339879504006    
   219.3181157737998    
