  -17.20443325788650    
  -16.66773440446848    
  -16.22583539112486    
  -15.83336217626625    
  -15.47297819137356    
  -15.13574915781432    
  -14.81631621971257    
  -14.51114910031429    
  -14.21776801494756    
  -13.93434754523523    
  -13.65949503018032    
  -13.39211753371856    
  -13.13133748027872    
  -12.87643674665809    
  -12.62681824882717    
  -12.38197873950689    
  -12.14148904404254    
  -11.90497938019739    
  -11.67212824285115    
  -11.44265384493298    
  -11.21630742772303    
  -10.99286796228028    
  -10.77213790236812    
  -10.55393974338002    
  -10.33811320695884    
  -10.12451291695969    
  -9.913006465323738    
  -9.703472790360525    
  -9.495800807563736    
  -9.289888246232625    
  -9.085640655088563    
  -8.882970547635647    
  -8.681796663832847    
  -8.482043329164908    
  -8.283639895739496    
  -8.086520252832500    
  -7.890622396527370    
  -7.695888049874038    
  -7.502262326428896    
  -7.309693431201334    
  -7.118132393982328    
  -6.927532830809616    
  -6.737850729967009    
  -6.549044259447436    
  -6.361073593252978    
  -6.173900754275850    
  -5.987489471815668    
  -5.801805052051023    
  -5.616814260005346    
  -5.432485211736399    
  -5.248787275639018    
  -5.065690981889112    
  -4.883167939174502    
  -4.701190757960225    
  -4.519732979623440    
  -4.338769010869230    
  -4.158274062904336    
  -3.978224094903292    
  -3.798595761351245    
  -3.619366362891639    
  -3.440513800344926    
  -3.262016531598105    
  -3.083853531094364    
  -2.906004251677891    
  -2.728448588571807    
  -2.551166845287306    
  -2.374139701279794    
  -2.197348181183443    
  -2.020773625469545    
  -1.844397662386078    
  -1.668202181046754    
  -1.492169305547240    
  -1.316281369994529    
  -1.140520894342717    
 -0.9648705609347171    
 -0.7893131916549099    
 -0.6138317256023409    
 -0.4384091971980542    
 -0.2630287146433300    
 -0.8767343864822343E-01
  0.8767343864822413E-01
  0.2630287146433297    
  0.4384091971980533    
  0.6138317256023406    
  0.7893131916549110    
  0.9648705609347176    
   1.140520894342716    
   1.316281369994530    
   1.492169305547242    
   1.668202181046754    
   1.844397662386079    
   2.020773625469544    
   2.197348181183443    
   2.374139701279790    
   2.551166845287305    
   2.728448588571805    
   2.906004251677889    
   3.083853531094364    
   3.262016531598102    
   3.440513800344926    
   3.619366362891641    
   3.798595761351246    
   3.978224094903290    
   4.158274062904336    
   4.338769010869227    
   4.519732979623447    
   4.701190757960228    
   4.883167939174510    
   5.065690981889106    
   5.248787275639017    
   5.432485211736394    
   5.616814260005352    
   5.801805052051017    
   5.987489471815675    
   6.173900754275843    
   6.361073593252977    
   6.549044259447437    
   6.737850729967014    
   6.927532830809617    
   7.118132393982326    
   7.309693431201347    
   7.502262326428889    
   7.695888049874032    
   7.890622396527370    
   8.086520252832498    
   8.283639895739501    
   8.482043329164915    
   8.681796663832843    
   8.882970547635656    
   9.085640655088575    
   9.289888246232614    
   9.495800807563729    
   9.703472790360513    
   9.913006465323734    
   10.12451291695970    
   10.33811320695885    
   10.55393974338002    
   10.77213790236813    
   10.99286796228026    
   11.21630742772302    
   11.44265384493298    
   11.67212824285114    
   11.90497938019738    
   12.14148904404253    
   12.38197873950689    
   12.62681824882718    
   12.87643674665809    
   13.13133748027873    
   13.39211753371857    
   13.65949503018033    
   13.93434754523524    
   14.21776801494756    
   14.51114910031429    
   14.81631621971256    
   15.13574915781432    
   15.47297819137356    
   15.83336217626623    
   16.22583539112485    
   16.66773440446847    
   17.20443325788650    
