  0.2908254700131248E-20
  0.2810333602750865E-16
  0.2878607080548702E-13
  0.8106186297463202E-11
  0.9178580424378525E-09
  0.5108522450775938E-07
  0.1579094887324705E-05
  0.2938725228922997E-04
  0.3483101243186832E-03
  0.2737922473067655E-02
  0.1470382970482672E-01
  0.5514417687023437E-01
  0.1467358475408902    
  0.2801309308392128    
  0.3863948895418141    
  0.3863948895418124    
  0.2801309308392129    
  0.1467358475408897    
  0.5514417687023435E-01
  0.1470382970482663E-01
  0.2737922473067655E-02
  0.3483101243186834E-03
  0.2938725228922989E-04
  0.1579094887324701E-05
  0.5108522450775940E-07
  0.9178580424378489E-09
  0.8106186297463149E-11
  0.2878607080548669E-13
  0.2810333602750852E-16
  0.2908254700131237E-20
