  -6.863345293529893    
  -6.138279220123936    
  -5.533147151567496    
  -4.988918968589941    
  -4.483055357092517    
  -4.003908603861228    
  -3.544443873155350    
  -3.099970529586443    
  -2.667132124535617    
  -2.243391467761504    
  -1.826741143603687    
  -1.415527800198189    
  -1.008338271046723    
 -0.6039210586255525    
 -0.2011285765488715    
  0.2011285765488710    
  0.6039210586255517    
   1.008338271046723    
   1.415527800198189    
   1.826741143603686    
   2.243391467761503    
   2.667132124535617    
   3.099970529586442    
   3.544443873155350    
   4.003908603861227    
   4.483055357092519    
   4.988918968589941    
   5.533147151567495    
   6.138279220123938    
   6.863345293529892    
