  0.5988361152373364E-01
  0.1259109670753854    
  0.1647307890821057    
  0.1723911873267521    
  0.1544292680015273    
  0.1218035130260564    
  0.8580797687984756E-01
  0.5443536722648469E-01
  0.3125278975222365E-01
  0.1629025904763493E-01
  0.7724745660508880E-02
  0.3336689494307702E-02
  0.1313865863449648E-02
  0.4717887261058182E-03
  0.1545007363460506E-03
  0.4613363029151303E-04
  0.1255554158643329E-04
  0.3112653611667156E-05
  0.7023892316922848E-06
  0.1441394233872222E-06
  0.2687115538247841E-07
  0.4545324046571082E-08
  0.6966746087053959E-09
  0.9661119051649043E-10
  0.1210137290201231E-10
  0.1366650897183065E-11
  0.1388758356874074E-12
  0.1267044092734967E-13
  0.1035418385014623E-14
  0.7559072058336962E-16
  0.4916055683236715E-17
  0.2839331595776176E-18
  0.1451437964495004E-19
  0.6542735020092968E-21
  0.2590251909683258E-22
  0.8966427843541457E-24
  0.2700678009275050E-25
  0.7039889491562416E-27
  0.1578754785376473E-28
  0.3025877689458580E-30
  0.4920167355256961E-32
  0.6731664116050800E-34
  0.7678096538827761E-36
  0.7224669424010869E-38
  0.5541500398360728E-40
  0.3417660127908474E-42
  0.1668149522037842E-44
  0.6325573271600969E-47
  0.1823139638581731E-49
  0.3890659669223781E-52
  0.5955161545769089E-55
  0.6285449226147896E-58
  0.4352395240043810E-61
  0.1853356484986801E-64
  0.4448273483037445E-68
  0.5322566314956030E-72
  0.2641206780522453E-76
  0.4016505842550655E-81
  0.1051694103920149E-86
  0.1090941948624777E-93
