  -18.30197306359784    
  -17.77612575542697    
  -17.34335536901952    
  -16.95914133942788    
  -16.60647045491214    
  -16.27657393946234    
  -15.96419165264066    
  -15.66585805847346    
  -15.37913869450628    
  -15.10224142823305    
  -14.83379896312413    
  -14.57273826785382    
  -14.31819776781088    
  -14.06947246483969    
  -13.82597622813492    
  -13.58721508898612    
  -13.35276783688571    
  -13.12227160620435    
  -12.89541096247698    
  -12.67190949822025    
  -12.45152326404881    
  -12.23403556562728    
  -12.01925279305095    
  -11.80700104164590    
  -11.59712334717348    
  -11.38947740353538    
  -11.18393366339195    
  -10.98037374559765    
  -10.77868909066381    
  -10.57877981836665    
  -10.38055375135484    
  -10.18392557603347    
  -9.988816117714197    
  -9.795151711459441    
  -9.602863653524260    
  -9.411887721044572    
  -9.222163749803123    
  -9.033635261653414    
  -8.846249134590984    
  -8.659955309605662    
  -8.474706529380517    
  -8.290458104669026    
  -8.107167704813385    
  -7.924795169389569    
  -7.743302338400554    
  -7.562652898803433    
  -7.382812245462041    
  -7.203747354874811    
  -7.025426670246016    
  -6.847819996654191    
  -6.670898405229834    
  -6.494634145389861    
  -6.319000564292562    
  -6.143972032776868    
  -5.969523877136201    
  -5.795632316151966    
  -5.622274402876759    
  -5.449427970713966    
  -5.277071583389706    
  -5.105184488456425    
  -4.933746574005172    
  -4.762738328297020    
  -4.592140802053157    
  -4.421935573169383    
  -4.252104713643401    
  -4.082630758523377    
  -3.913496676704590    
  -3.744685843416677    
  -3.576182014258189    
  -3.407969300647880    
  -3.240032146573481    
  -3.072355306528637    
  -2.904923824537802    
  -2.737723014176916    
  -2.570738439504830    
  -2.403955896826983    
  -2.237361397218541    
  -2.070941149739335    
  -1.904681545277673    
  -1.738569140964104    
  -1.572590645099883    
  -1.406732902548280    
  -1.240982880539580    
  -1.075327654843318    
 -0.9097543962634755    
 -0.7442503574142878    
 -0.5788028597360245    
 -0.4133992807114970    
 -0.2480270412452373    
 -0.8267359316822284E-01
  0.8267359316822248E-01
  0.2480270412452368    
  0.4133992807114963    
  0.5788028597360241    
  0.7442503574142882    
  0.9097543962634762    
   1.075327654843319    
   1.240982880539579    
   1.406732902548281    
   1.572590645099882    
   1.738569140964102    
   1.904681545277674    
   2.070941149739336    
   2.237361397218542    
   2.403955896826983    
   2.570738439504827    
   2.737723014176916    
   2.904923824537804    
   3.072355306528636    
   3.240032146573482    
   3.407969300647874    
   3.576182014258189    
   3.744685843416679    
   3.913496676704589    
   4.082630758523377    
   4.252104713643408    
   4.421935573169387    
   4.592140802053148    
   4.762738328297017    
   4.933746574005178    
   5.105184488456416    
   5.277071583389705    
   5.449427970713963    
   5.622274402876765    
   5.795632316151967    
   5.969523877136200    
   6.143972032776864    
   6.319000564292561    
   6.494634145389869    
   6.670898405229829    
   6.847819996654189    
   7.025426670246016    
   7.203747354874810    
   7.382812245462041    
   7.562652898803433    
   7.743302338400549    
   7.924795169389567    
   8.107167704813390    
   8.290458104669018    
   8.474706529380516    
   8.659955309605662    
   8.846249134590975    
   9.033635261653416    
   9.222163749803123    
   9.411887721044572    
   9.602863653524270    
   9.795151711459432    
   9.988816117714197    
   10.18392557603345    
   10.38055375135485    
   10.57877981836667    
   10.77868909066380    
   10.98037374559766    
   11.18393366339196    
   11.38947740353537    
   11.59712334717346    
   11.80700104164589    
   12.01925279305094    
   12.23403556562727    
   12.45152326404881    
   12.67190949822025    
   12.89541096247699    
   13.12227160620434    
   13.35276783688571    
   13.58721508898613    
   13.82597622813491    
   14.06947246483969    
   14.31819776781087    
   14.57273826785380    
   14.83379896312412    
   15.10224142823307    
   15.37913869450629    
   15.66585805847345    
   15.96419165264068    
   16.27657393946236    
   16.60647045491218    
   16.95914133942786    
   17.34335536901955    
   17.77612575542694    
   18.30197306359785    
