  0.1438614699542276E-01
  0.7580361202336215E-01
  0.1863141020571902    
  0.3459691809914361    
  0.5548109375809108    
  0.8128912841156689    
   1.120273835007536    
   1.477034329923824    
   1.883260826342390    
   2.339053849646008    
   2.844526542755302    
   3.399804827445660    
   4.005027581758628    
   4.660346835568882    
   5.365927985585119    
   6.121950030804047    
   6.928605829376201    
   7.786102377862547    
   8.694661113922205    
   9.654518243555097    
   10.66592509412169    
   11.72914849447224    
   12.84447118364102    
   14.01219224969426    
   15.23262760046672    
   16.50611046808200    
   17.83299194932639    
   19.21364158413607    
   20.64844797466837    
   22.13781944765674    
   23.68218476300236    
   25.28199387183405    
   26.93771872757428    
   28.64985415389130    
   30.41891877379097    
   32.24545600452069    
   34.13003512342154    
   36.07325241038000    
   38.07573237310711    
   40.13812906211557    
   42.26112748298481    
   44.44544511431184    
   46.69183354065156    
   49.00108021077244    
   51.37401033270400    
   53.81148891835569    
   56.31442299196173    
   58.88376397828214    
   61.52051028839615    
   64.22571012310158    
   67.00046451641931    
   69.84593064455838    
   72.76332542897457    
   75.75392946593995    
   78.81909131941143    
   81.96023221906020    
   85.17885121121887    
   88.47653081739465    
   91.85494326304929    
   95.31585734883170    
   98.86114604761357    
   102.4927949239165    
   106.2129114880468    
   110.0237356160309    
   113.9276511889717    
   117.9271991325732    
   122.0250920704416    
   126.2242308447504    
   130.5277232067993    
   134.9389050402274    
   139.4613645542400    
   144.0989699772127    
   148.8559013977582    
   153.7366875479730    
   158.7462485117133    
   163.8899455825871    
   169.1736398100030    
   174.6037611823767    
   180.1873909402455    
   185.9323602396671    
   191.8473693722482    
   197.9421331021433    
   204.2275595670305    
   210.7159728615769    
   217.4213932720015    
   224.3598947888745    
   231.5500680251723    
   239.0136297513150    
   246.7762409672485    
   254.8686292570474    
   263.3281684691580    
   272.2011700240924    
   281.5463282838971    
   291.4401336163767    
   301.9858552516397    
   313.3295340040755    
   325.6912634370265    
   339.4351019234496    
   355.2613118885342    
   374.9841128343427    
