  0.2229093496280007-162
  0.6171630370189900-154
  0.3930595849572566-147
  0.3270660133340439-141
  0.7004906964702407-136
  0.5504926004968938-131
  0.1968469252982117-126
  0.3695754511205468-122
  0.4032032711718607-118
  0.2755936274941072-114
  0.1250389473861639-110
  0.3941696986170753-107
  0.8957789023644679-104
  0.1512786073522373-100
  0.1947273237669431E-97
  0.1951978939812460E-94
  0.1552065257977751E-91
  0.9945830920167903E-89
  0.5208320623529828E-86
  0.2256221537545584E-83
  0.8173111897179128E-81
  0.2499751483723666E-78
  0.6511128536145889E-76
  0.1455588877659483E-73
  0.2812515502509714E-71
  0.4727108933732352E-69
  0.6951313736936525E-67
  0.8991246650427319E-65
  0.1027959483059898E-62
  0.1043489431686140E-60
  0.9444063985629051E-59
  0.7649924767009457E-57
  0.5565840672543776E-55
  0.3649379637346568E-53
  0.2163032351416302E-51
  0.1162290152579223E-49
  0.5677333922420669E-48
  0.2527257046485600E-46
  0.1027681527331589E-44
  0.3825945790911862E-43
  0.1306772828700986E-41
  0.4102982841560038E-40
  0.1186441590241791E-38
  0.3165219812079458E-37
  0.7803588629245012E-36
  0.1780743042880660E-34
  0.3766794572482722E-33
  0.7396396974400777E-32
  0.1349983694923926E-30
  0.2293242400337102E-29
  0.3630029318305829E-28
  0.5360543607765862E-27
  0.7393015541204252E-26
  0.9532377303868386E-25
  0.1150214592803284E-23
  0.1300066275692312E-22
  0.1377694178220310E-21
  0.1369980705615716E-20
  0.1279401213649793E-19
  0.1122974276372518E-18
  0.9271033668655937E-18
  0.7204297214984694E-17
  0.5272978117146718E-16
  0.3637504888881341E-15
  0.2366486757867588E-14
  0.1452830151802811E-13
  0.8421347687181511E-13
  0.4611464450181566E-12
  0.2386769288055259E-11
  0.1168180146817291E-10
  0.5409294184513546E-10
  0.2370810548059993E-09
  0.9839283266948093E-09
  0.3868267375326137E-08
  0.1441197218513619E-07
  0.5090301396174793E-07
  0.1705014134009576E-06
  0.5417767732073323E-06
  0.1633641260578762E-05
  0.4675904428905792E-05
  0.1270775395097115E-04
  0.3280053487587180E-04
  0.8042850652862893E-04
  0.1873947696317880E-03
  0.4149715571075974E-03
  0.8735370978955687E-03
  0.1748353104248242E-02
  0.3327655135811839E-02
  0.6023924591982312E-02
  0.1037331751424096E-01
  0.1699463748198015E-01
  0.2649206140188841E-01
  0.3929860922773424E-01
  0.5548028220796559E-01
  0.7454821205701552E-01
  0.9534645394062180E-01
  0.1160825434897408    
  0.1345381180403099    
  0.1484415824122622    
  0.1559222423301018    
  0.1559222423301018    
  0.1484415824122634    
  0.1345381180403105    
  0.1160825434897402    
  0.9534645394062273E-01
  0.7454821205701609E-01
  0.5548028220796584E-01
  0.3929860922773375E-01
  0.2649206140188832E-01
  0.1699463748198013E-01
  0.1037331751424077E-01
  0.6023924591982309E-02
  0.3327655135811822E-02
  0.1748353104248270E-02
  0.8735370978955563E-03
  0.4149715571076088E-03
  0.1873947696317841E-03
  0.8042850652862639E-04
  0.3280053487587373E-04
  0.1270775395097126E-04
  0.4675904428905723E-05
  0.1633641260578732E-05
  0.5417767732073151E-06
  0.1705014134009554E-06
  0.5090301396174612E-07
  0.1441197218513630E-07
  0.3868267375326155E-08
  0.9839283266948495E-09
  0.2370810548059785E-09
  0.5409294184513011E-10
  0.1168180146817265E-10
  0.2386769288055724E-11
  0.4611464450181345E-12
  0.8421347687181948E-13
  0.1452830151802824E-13
  0.2366486757867494E-14
  0.3637504888881590E-15
  0.5272978117146038E-16
  0.7204297214984969E-17
  0.9271033668656929E-18
  0.1122974276372547E-18
  0.1279401213649795E-19
  0.1369980705615653E-20
  0.1377694178220405E-21
  0.1300066275692343E-22
  0.1150214592803270E-23
  0.9532377303867847E-25
  0.7393015541203442E-26
  0.5360543607765540E-27
  0.3630029318305129E-28
  0.2293242400336794E-29
  0.1349983694923912E-30
  0.7396396974400353E-32
  0.3766794572482765E-33
  0.1780743042880652E-34
  0.7803588629245997E-36
  0.3165219812080114E-37
  0.1186441590241678E-38
  0.4102982841560173E-40
  0.1306772828700872E-41
  0.3825945790911568E-43
  0.1027681527331532E-44
  0.2527257046484954E-46
  0.5677333922420515E-48
  0.1162290152579542E-49
  0.2163032351416037E-51
  0.3649379637346794E-53
  0.5565840672543541E-55
  0.7649924767008546E-57
  0.9444063985629268E-59
  0.1043489431686270E-60
  0.1027959483059926E-62
  0.8991246650427131E-65
  0.6951313736937937E-67
  0.4727108933732825E-69
  0.2812515502509787E-71
  0.1455588877659956E-73
  0.6511128536147814E-76
  0.2499751483723596E-78
  0.8173111897179530E-81
  0.2256221537546224E-83
  0.5208320623530916E-86
  0.9945830920166615E-89
  0.1552065257977441E-91
  0.1951978939812175E-94
  0.1947273237668516E-97
  0.1512786073522268-100
  0.8957789023643790-104
  0.3941696986168123-107
  0.1250389473861685-110
  0.2755936274940608-114
  0.4032032711718571-118
  0.3695754511203258-122
  0.1968469252983109-126
  0.5504926004970054-131
  0.7004906964702488-136
  0.3270660133339334-141
  0.3930595849571185-147
  0.6171630370188107-154
  0.2229093496279915-162
