  0.2050807685547455E-01
  0.1080670202563124    
  0.2656379466033930    
  0.4933342270801720    
  0.7912736598211391    
   1.159606217703603    
   1.598517039481799    
   2.108227424570546    
   2.688995580631724    
   3.341117395883192    
   4.064927300484994    
   4.860799239590738    
   5.729147770489317    
   6.670429293863550    
   7.685143429130762    
   8.773834544635914    
   9.937093454697068    
   11.17555929701479    
   12.48992160572105    
   13.88092259736538    
   15.34935968944746    
   16.89608827374637    
   18.52202476972404    
   20.22814998675813    
   22.01551282796959    
   23.88523437304904    
   25.83851238287039    
   27.87662627495463    
   30.00094262618116    
   32.21292126775510    
   34.51412204758296    
   36.90621234721098    
   39.39097545473646    
   41.97031991211367    
   44.64628997566186    
   47.42107735313483    
   50.29703441042087    
   53.27668907709301    
   56.36276172424458    
   59.55818434245727    
   62.86612241510910    
   66.28999996617540    
   69.83352836700990    
   73.50073961975487    
   77.29602500469171    
   81.22418019684471    
   85.29045823981353    
   89.50063213486500    
   93.86106929290470    
   98.37882075204242    
   103.0617289508173    
   107.9185590653046    
   112.9591606151478    
   118.1946684453500    
   123.6377556508438    
   129.3029560944188    
   135.2070818019224    
   141.3697722648446    
   147.8142312629937    
   154.5682371607968    
   161.6655640042565    
   169.1480414957031    
   177.0686504563952    
   185.4963827605181    
   194.5243003801132    
   204.2838722949404    
   214.9729938927980    
   226.9185538100815    
   240.7483098340545    
   258.0855015304951    
