  -19.33924866791142    
  -18.82289598056468    
  -18.39809656513214    
  -18.02108150117315    
  -17.67512252996191    
  -17.35159677955040    
  -17.04533115109211    
  -16.75291719139818    
  -16.47196038876291    
  -16.20069793679212    
  -15.93778486889572    
  -15.68216565880974    
  -15.43299278489287    
  -15.18957275696121    
  -14.95132902868149    
  -14.71777573124731    
  -14.48849858757268    
  -14.26314073464826    
  -14.04139198785555    
  -13.82298057356555    
  -13.60766666693806    
  -13.39523727320800    
  -13.18550212454404    
  -12.97829035543407    
  -12.77344778248850    
  -12.57083465891832    
  -12.37032380573049    
  -12.17179904478714    
  -11.97515387589712    
  -11.78029035280525    
  -11.58711812252035    
  -11.39555359972604    
  -11.20551925363643    
  -11.01694298902520    
  -10.82975760657609    
  -10.64390033040281    
  -10.45931239273354    
  -10.27593866747647    
  -10.09372734576830    
  -9.912629647733805    
  -9.732599565601934    
  -9.553593634076826    
  -9.375570724483639    
  -9.198491859723561    
  -9.022320047500832    
  -8.847020129643679    
  -8.672558645641239    
  -8.498903708773598    
  -8.326024893426114    
  -8.153893132362469    
  -7.982480622886643    
  -7.811760740956943    
  -7.641707962430256    
  -7.472297790712718    
  -7.303506690178223    
  -7.135312024790251    
  -6.967692001426046    
  -6.800625617458114    
  -6.634092612196866    
  -6.468073421840371    
  -6.302549137615149    
  -6.137501466824159    
  -5.972912696547551    
  -5.808765659767068    
  -5.645043703707578    
  -5.481730660209468    
  -5.318810817963150    
  -5.156268896452907    
  -4.994090021471524    
  -4.832259702079434    
  -4.670763808893703    
  -4.509588553602017    
  -4.348720469606026    
  -4.188146393706475    
  -4.027853448749711    
  -3.867829027162057    
  -3.708060775303962    
  -3.548536578581763    
  -3.389244547259212    
  -3.230173002915510    
  -3.071310465500503    
  -2.912645640941291    
  -2.754167409257546    
  -2.595864813145974    
  -2.437727046996824    
  -2.279743446307862    
  -2.121903477463269    
  -1.964196727846911    
  -1.806612896261253    
  -1.649141783624695    
  -1.491773283921519    
  -1.334497375379992    
  -1.177304111855233    
  -1.020183614394496    
 -0.8631260629633963    
 -0.7061216883124090    
 -0.5491607639635990    
 -0.3922335982981660    
 -0.2353305267258212    
 -0.7844190391742133E-01
  0.7844190391742069E-01
  0.2353305267258217    
  0.3922335982981661    
  0.5491607639635985    
  0.7061216883124087    
  0.8631260629633971    
   1.020183614394496    
   1.177304111855234    
   1.334497375379992    
   1.491773283921520    
   1.649141783624696    
   1.806612896261254    
   1.964196727846911    
   2.121903477463270    
   2.279743446307863    
   2.437727046996819    
   2.595864813145973    
   2.754167409257549    
   2.912645640941288    
   3.071310465500502    
   3.230173002915508    
   3.389244547259215    
   3.548536578581770    
   3.708060775303961    
   3.867829027162059    
   4.027853448749718    
   4.188146393706472    
   4.348720469606020    
   4.509588553602010    
   4.670763808893709    
   4.832259702079437    
   4.994090021471520    
   5.156268896452907    
   5.318810817963138    
   5.481730660209464    
   5.645043703707579    
   5.808765659767062    
   5.972912696547555    
   6.137501466824151    
   6.302549137615139    
   6.468073421840373    
   6.634092612196852    
   6.800625617458122    
   6.967692001426039    
   7.135312024790251    
   7.303506690178217    
   7.472297790712714    
   7.641707962430270    
   7.811760740956938    
   7.982480622886646    
   8.153893132362471    
   8.326024893426110    
   8.498903708773609    
   8.672558645641233    
   8.847020129643685    
   9.022320047500843    
   9.198491859723543    
   9.375570724483634    
   9.553593634076817    
   9.732599565601921    
   9.912629647733793    
   10.09372734576829    
   10.27593866747648    
   10.45931239273355    
   10.64390033040280    
   10.82975760657609    
   11.01694298902519    
   11.20551925363643    
   11.39555359972604    
   11.58711812252035    
   11.78029035280524    
   11.97515387589712    
   12.17179904478715    
   12.37032380573049    
   12.57083465891832    
   12.77344778248850    
   12.97829035543406    
   13.18550212454403    
   13.39523727320800    
   13.60766666693805    
   13.82298057356553    
   14.04139198785554    
   14.26314073464826    
   14.48849858757268    
   14.71777573124730    
   14.95132902868150    
   15.18957275696120    
   15.43299278489286    
   15.68216565880976    
   15.93778486889572    
   16.20069793679212    
   16.47196038876290    
   16.75291719139821    
   17.04533115109211    
   17.35159677955036    
   17.67512252996192    
   18.02108150117314    
   18.39809656513214    
   18.82289598056468    
   19.33924866791140    
