  0.1761077721386346-128
  0.1060991245305833-120
  0.1888055832663709-114
  0.4986914479106573-109
  0.3676513801266230-104
  0.1053084629341293E-99
  0.1432759746597530E-95
  0.1058462086557804E-91
  0.4668466494869934E-88
  0.1319043663017605E-84
  0.2520263257059336E-81
  0.3398739236212103E-78
  0.3348818115410319E-75
  0.2480428832691829E-72
  0.1414343007923998E-69
  0.6334691541025706E-67
  0.2267430625693867E-64
  0.6583608149872622E-62
  0.1570987246884148E-59
  0.3116263235631524E-57
  0.5191006129869301E-55
  0.7327339965094740E-53
  0.8835479663534788E-51
  0.9167755243002048E-49
  0.8239512157206119E-47
  0.6452651680497707E-45
  0.4427260047807120E-43
  0.2674550885755507E-41
  0.1429108904677609E-39
  0.6782640194669104E-38
  0.2870315093267554E-36
  0.1086948270397369E-34
  0.3695502571606669E-33
  0.1131506719137130E-31
  0.3128960106343088E-30
  0.7835335697203408E-29
  0.1781180898246530E-27
  0.3684332481934767E-26
  0.6949487638337764E-25
  0.1197769696464800E-23
  0.1889944479456339E-22
  0.2735004474978320E-21
  0.3636064743361085E-20
  0.4447927072641853E-19
  0.5013993578157975E-18
  0.5215788402843242E-17
  0.5013501759765712E-16
  0.4458507837045878E-15
  0.3672623853704894E-14
  0.2805333219336245E-13
  0.1989156374555668E-12
  0.1310568281470288E-11
  0.8030863771563346E-11
  0.4580991751131949E-10
  0.2434515310346456E-09
  0.1206317982832727E-08
  0.5577356071910359E-08
  0.2407767651933099E-07
  0.9711917586153256E-07
  0.3662411899037780E-06
  0.1291970100861441E-05
  0.4265760717325554E-05
  0.1318924463156429E-04
  0.3820577000682477E-04
  0.1037327366817071E-03
  0.2640944786208161E-03
  0.6307033265997133E-03
  0.1413403874712224E-02
  0.2973195871071474E-02
  0.5872534758719113E-02
  0.1089405465334748E-01
  0.1898545432750476E-01
  0.3108954318535607E-01
  0.4784681185658659E-01
  0.6921649282988022E-01
  0.9413389777183172E-01
  0.1203687588216609    
  0.1447284194734950    
  0.1636427740458630    
  0.1740056061748210    
  0.1740056061748203    
  0.1636427740458617    
  0.1447284194734962    
  0.1203687588216619    
  0.9413389777183090E-01
  0.6921649282987978E-01
  0.4784681185658655E-01
  0.3108954318535644E-01
  0.1898545432750428E-01
  0.1089405465334761E-01
  0.5872534758719164E-02
  0.2973195871071529E-02
  0.1413403874712221E-02
  0.6307033265997311E-03
  0.2640944786208202E-03
  0.1037327366817070E-03
  0.3820577000682618E-04
  0.1318924463156390E-04
  0.4265760717325535E-05
  0.1291970100861438E-05
  0.3662411899037822E-06
  0.9711917586153076E-07
  0.2407767651933204E-07
  0.5577356071910292E-08
  0.1206317982832653E-08
  0.2434515310346393E-09
  0.4580991751132133E-10
  0.8030863771562787E-11
  0.1310568281470346E-11
  0.1989156374555780E-12
  0.2805333219336331E-13
  0.3672623853704911E-14
  0.4458507837046305E-15
  0.5013501759765399E-16
  0.5215788402843502E-17
  0.5013993578157772E-18
  0.4447927072642437E-19
  0.3636064743360563E-20
  0.2735004474978455E-21
  0.1889944479456413E-22
  0.1197769696464717E-23
  0.6949487638339547E-25
  0.3684332481934977E-26
  0.1781180898246531E-27
  0.7835335697203439E-29
  0.3128960106342409E-30
  0.1131506719137090E-31
  0.3695502571606946E-33
  0.1086948270397393E-34
  0.2870315093267288E-36
  0.6782640194670803E-38
  0.1429108904677771E-39
  0.2674550885755936E-41
  0.4427260047806174E-43
  0.6452651680498210E-45
  0.8239512157204608E-47
  0.9167755243001180E-49
  0.8835479663533665E-51
  0.7327339965095637E-53
  0.5191006129870133E-55
  0.3116263235631416E-57
  0.1570987246884430E-59
  0.6583608149873233E-62
  0.2267430625694104E-64
  0.6334691541025096E-67
  0.1414343007923857E-69
  0.2480428832691648E-72
  0.3348818115409873E-75
  0.3398739236211655E-78
  0.2520263257059331E-81
  0.1319043663017659E-84
  0.4668466494870381E-88
  0.1058462086557862E-91
  0.1432759746597784E-95
  0.1053084629341397E-99
  0.3676513801265120-104
  0.4986914479106474-109
  0.1888055832663961-114
  0.1060991245305290-120
  0.1761077721387240-128
