  0.1687468018511139    
  0.2912543620060698    
  0.2666861028669988    
  0.1660024532695070    
  0.7482606466879294E-01
  0.2496441730928332E-01
  0.6202550844572198E-02
  0.1144962386476914E-02
  0.1557417730278123E-03
  0.1540144086522507E-04
  0.1086486366517991E-05
  0.5330120909556728E-07
  0.1757981179050566E-08
  0.3725502402512232E-10
  0.4767529251578120E-12
  0.3372844243362364E-14
  0.1155014339500420E-16
  0.1539522140582374E-19
  0.5286442725569171E-23
  0.1656456612499005E-27
