  0.9708740317354484E-95
  0.9488022396942884E-88
  0.3667242889926069E-82
  0.2438859527759352E-77
  0.4968680017871609E-73
  0.4197293421280635E-69
  0.1767526450854246E-65
  0.4195357679601982E-62
  0.6124068713751806E-59
  0.5865557544337774E-56
  0.3874505891529189E-53
  0.1835988390291807E-50
  0.6443166043237350E-48
  0.1719049820966887E-45
  0.3564122739384510E-43
  0.5849908561596132E-41
  0.7722833096079860E-39
  0.8313804090819677E-37
  0.7386159238637411E-35
  0.5472690593153793E-33
  0.3413381751044697E-31
  0.1807015721900377E-29
  0.8179797949970085E-28
  0.3187206213605162E-26
  0.1075387798800056E-24
  0.3159085836957286E-23
  0.8119649736050586E-22
  0.1834174641769689E-20
  0.3656378142549863E-19
  0.6456514031588176E-18
  0.1013391136958277E-16
  0.1418283569586028E-15
  0.1775097859733048E-14
  0.1992152879700028E-13
  0.2009752457110678E-12
  0.1826748612701932E-11
  0.1499178468682563E-10
  0.1113062500069713E-09
  0.7489752045215832E-09
  0.4575393375625389E-08
  0.2541438649266536E-07
  0.1285427233965065E-06
  0.5928041957603716E-06
  0.2495777742758612E-05
  0.9603394551645635E-05
  0.3380819641023972E-04
  0.1089970260967513E-03
  0.3220954349043524E-03
  0.8731324557643303E-03
  0.2172789831295453E-02
  0.4966873252591935E-02
  0.1043596213590265E-01
  0.2016479698074176E-01
  0.3584821564775813E-01
  0.5865799975004379E-01
  0.8837321043732134E-01
  0.1226224240576317    
  0.1567372630267810    
  0.1845866595713181    
  0.2003098462618809    
  0.2003098462618781    
  0.1845866595713206    
  0.1567372630267801    
  0.1226224240576321    
  0.8837321043732151E-01
  0.5865799975004289E-01
  0.3584821564775831E-01
  0.2016479698074172E-01
  0.1043596213590272E-01
  0.4966873252591898E-02
  0.2172789831295420E-02
  0.8731324557643367E-03
  0.3220954349043504E-03
  0.1089970260967545E-03
  0.3380819641023986E-04
  0.9603394551645440E-05
  0.2495777742758607E-05
  0.5928041957603743E-06
  0.1285427233965028E-06
  0.2541438649266535E-07
  0.4575393375625394E-08
  0.7489752045215606E-09
  0.1113062500069692E-09
  0.1499178468682511E-10
  0.1826748612701861E-11
  0.2009752457110658E-12
  0.1992152879700069E-13
  0.1775097859733031E-14
  0.1418283569586000E-15
  0.1013391136958329E-16
  0.6456514031588187E-18
  0.3656378142549844E-19
  0.1834174641769630E-20
  0.8119649736050571E-22
  0.3159085836957146E-23
  0.1075387798799978E-24
  0.3187206213604931E-26
  0.8179797949970233E-28
  0.1807015721900472E-29
  0.3413381751044498E-31
  0.5472690593153490E-33
  0.7386159238636890E-35
  0.8313804090820657E-37
  0.7722833096079934E-39
  0.5849908561596371E-41
  0.3564122739384088E-43
  0.1719049820966526E-45
  0.6443166043237741E-48
  0.1835988390291569E-50
  0.3874505891529614E-53
  0.5865557544337824E-56
  0.6124068713751111E-59
  0.4195357679601309E-62
  0.1767526450854446E-65
  0.4197293421281516E-69
  0.4968680017871576E-73
  0.2438859527759084E-77
  0.3667242889925682E-82
  0.9488022396945015E-88
  0.9708740317354685E-95
