  -16.03477247706081    
  -15.48545664612019    
  -15.03291742268753    
  -14.63079628143427    
  -14.26138392188293    
  -13.91555536328852    
  -13.58783801199063    
  -13.27462697973465    
  -12.97339021859438    
  -12.68226388958427    
  -12.39982601440804    
  -12.12496060878490    
  -11.85677152713703    
  -11.59452537172417    
  -11.33761226944543    
  -11.08551809755103    
  -10.83780430519247    
  -10.59409292625734    
  -10.35405523217957    
  -10.11740299466041    
  -9.883881656897778    
  -9.653264924984944    
  -9.425350432692325    
  -9.199956228974468    
  -8.976917904111476    
  -8.756086217320959    
  -8.537325122287724    
  -8.320510111490773    
  -8.105526818204979    
  -7.892269828476744    
  -7.680641665498316    
  -7.470551916521202    
  -7.261916478390110    
  -7.054656902391374    
  -6.848699822723705    
  -6.643976455751649    
  -6.440422159471105    
  -6.237976044433045    
  -6.036580628836631    
  -5.836181531690428    
  -5.636727198909932    
  -5.438168658014094    
  -5.240459297739353    
  -5.043554669432135    
  -4.847412307533348    
  -4.651991566845699    
  -4.457253474592272    
  -4.263160595541917    
  -4.069676908703217    
  -3.876767694280759    
  -3.684399429750957    
  -3.492539694054273    
  -3.301157079020353    
  -3.110221107245406    
  -2.919702155729560    
  -2.729571384658352    
  -2.539800670778396    
  -2.350362544874497    
  -2.161230132904823    
  -1.972377100393848    
  -1.783777599719719    
  -1.595406219965215    
  -1.407237939029126    
  -1.219248077719043    
  -1.031412255567193    
 -0.8437063481285864    
 -0.6561064455357197    
 -0.4685888120964940    
 -0.2811298467323063    
 -0.9370604406137882E-01
  0.9370604406137900E-01
  0.2811298467323062    
  0.4685888120964941    
  0.6561064455357190    
  0.8437063481285859    
   1.031412255567193    
   1.219248077719042    
   1.407237939029125    
   1.595406219965213    
   1.783777599719720    
   1.972377100393850    
   2.161230132904825    
   2.350362544874494    
   2.539800670778395    
   2.729571384658352    
   2.919702155729561    
   3.110221107245407    
   3.301157079020356    
   3.492539694054272    
   3.684399429750957    
   3.876767694280753    
   4.069676908703219    
   4.263160595541922    
   4.457253474592275    
   4.651991566845700    
   4.847412307533348    
   5.043554669432135    
   5.240459297739353    
   5.438168658014104    
   5.636727198909930    
   5.836181531690428    
   6.036580628836624    
   6.237976044433041    
   6.440422159471102    
   6.643976455751644    
   6.848699822723700    
   7.054656902391372    
   7.261916478390106    
   7.470551916521202    
   7.680641665498318    
   7.892269828476745    
   8.105526818204964    
   8.320510111490771    
   8.537325122287708    
   8.756086217320947    
   8.976917904111476    
   9.199956228974457    
   9.425350432692346    
   9.653264924984928    
   9.883881656897787    
   10.11740299466041    
   10.35405523217958    
   10.59409292625733    
   10.83780430519249    
   11.08551809755103    
   11.33761226944542    
   11.59452537172417    
   11.85677152713704    
   12.12496060878492    
   12.39982601440803    
   12.68226388958427    
   12.97339021859437    
   13.27462697973466    
   13.58783801199063    
   13.91555536328852    
   14.26138392188294    
   14.63079628143425    
   15.03291742268752    
   15.48545664612018    
   16.03477247706078    
