  0.4527264146404158E-01
  0.9762269112936714E-01
  0.1336585279801590    
  0.1493764582710169    
  0.1458470697865965    
  0.1279804676666692    
  0.1024036487354759    
  0.7534405733665242E-01
  0.5124083582106917E-01
  0.3232313847901445E-01
  0.1895666011098703E-01
  0.1035313893215477E-01
  0.5271604749708856E-02
  0.2504500739819174E-02
  0.1110814047928506E-02
  0.4600990406307727E-03
  0.1780042731965549E-03
  0.6432830518178036E-04
  0.2171415238666157E-04
  0.6845242206830301E-05
  0.2014838776865316E-05
  0.5535609610830925E-06
  0.1419066235022790E-06
  0.3392831988606673E-07
  0.7561852194241371E-08
  0.1570210379721076E-08
  0.3035871915126139E-09
  0.5461496026565230E-10
  0.9135311740308056E-11
  0.1419625041293615E-11
  0.2047815205091798E-12
  0.2739526723497069E-13
  0.3395473416437777E-14
  0.3895003022644048E-15
  0.4130565233562760E-16
  0.4044680502474147E-17
  0.3652382670720926E-18
  0.3037339021429898E-19
  0.2322757480665881E-20
  0.1630929312376825E-21
  0.1049710736450708E-22
  0.6182186966674332E-24
  0.3325339030493208E-25
  0.1630342132735671E-26
  0.7270062437156911E-28
  0.2941821059548429E-29
  0.1077566329503337E-30
  0.3563481445489385E-32
  0.1060902480417935E-33
  0.2834789333101864E-35
  0.6776115313753239E-37
  0.1443813363896495E-38
  0.2731741961972878E-40
  0.4570380850624586E-42
  0.6730935903214181E-44
  0.8682714845389003E-46
  0.9757446766499029E-48
  0.9495766136505835E-50
  0.7950337241363939E-52
  0.5685225221222479E-54
  0.3444368919152219E-56
  0.1752083830061604E-58
  0.7407727961985608E-61
  0.2573539825661629E-63
  0.7251705681224844E-66
  0.1632805201633808E-68
  0.2887512289470421E-71
  0.3930649718669995E-74
  0.4021896369544946E-77
  0.3006565668153795E-80
  0.1586262930277921E-83
  0.5659398442041386E-87
  0.1293455505872646E-90
  0.1764997771253002E-94
  0.1307862180554878E-98
  0.4603864195237016-103
  0.6298035646901069-108
  0.2405692653031993-113
  0.1364844475335718-119
  0.2290506253718564-127
