  -5.387480890011234    
  -4.603682449550741    
  -3.944764040115623    
  -3.347854567383217    
  -2.788806058428132    
  -2.254974002089276    
  -1.738537712116586    
  -1.234076215395324    
 -0.7374737285453942    
 -0.2453407083009014    
  0.2453407083009010    
  0.7374737285453948    
   1.234076215395323    
   1.738537712116586    
   2.254974002089277    
   2.788806058428130    
   3.347854567383217    
   3.944764040115626    
   4.603682449550742    
   5.387480890011232    
