  0.5908067865032254E-78
  0.1972860574879004E-71
  0.3083028990003230E-66
  0.9019222303693327E-62
  0.8518883081761109E-58
  0.3459477936475846E-54
  0.7191529463463068E-51
  0.8597563954825245E-48
  0.6420725205348625E-45
  0.3185217877835964E-42
  0.1100470682714130E-39
  0.2748784884356975E-37
  0.5116232604385888E-35
  0.7274572596887921E-33
  0.8067434278708990E-31
  0.7101812226384751E-29
  0.5037791166212627E-27
  0.2917350072628991E-25
  0.1394841526068740E-23
  0.5561026961659032E-22
  0.1864997675130355E-20
  0.5302316183131887E-19
  0.1286832921121145E-17
  0.2682492164760441E-16
  0.4829835321703158E-15
  0.7548896877914987E-14
  0.1028874937350990E-12
  0.1227878514410134E-11
  0.1287903825731535E-10
  0.1191300634929090E-09
  0.9747921253871672E-09
  0.7075857283889642E-08
  0.4568127508484819E-07
  0.2629097483753722E-06
  0.1351797159110367E-05
  0.6221524817777842E-05
  0.2567615938454923E-04
  0.9517162778551021E-04
  0.3172919710433014E-03
  0.9526921885486155E-03
  0.2579273260059093E-02
  0.6303000285608084E-02
  0.1391566522023191E-01
  0.2777912738593339E-01
  0.5017581267742888E-01
  0.8205182739122434E-01
  0.1215379868441046    
  0.1631300305027825    
  0.1984628502541870    
  0.2188926295874391    
  0.2188926295874393    
  0.1984628502541864    
  0.1631300305027829    
  0.1215379868441041    
  0.8205182739122488E-01
  0.5017581267742892E-01
  0.2777912738593344E-01
  0.1391566522023190E-01
  0.6303000285608031E-02
  0.2579273260059077E-02
  0.9526921885486120E-03
  0.3172919710432982E-03
  0.9517162778550994E-04
  0.2567615938454893E-04
  0.6221524817777938E-05
  0.1351797159110355E-05
  0.2629097483753698E-06
  0.4568127508484901E-07
  0.7075857283889815E-08
  0.9747921253871716E-09
  0.1191300634929066E-09
  0.1287903825731555E-10
  0.1227878514410122E-11
  0.1028874937350965E-12
  0.7548896877915348E-14
  0.4829835321703053E-15
  0.2682492164760335E-16
  0.1286832921121112E-17
  0.5302316183132032E-19
  0.1864997675130233E-20
  0.5561026961658986E-22
  0.1394841526068681E-23
  0.2917350072629072E-25
  0.5037791166213396E-27
  0.7101812226384552E-29
  0.8067434278710057E-31
  0.7274572596888028E-33
  0.5116232604385252E-35
  0.2748784884356986E-37
  0.1100470682714119E-39
  0.3185217877836282E-42
  0.6420725205347422E-45
  0.8597563954825190E-48
  0.7191529463462661E-51
  0.3459477936475749E-54
  0.8518883081760625E-58
  0.9019222303692707E-62
  0.3083028990002912E-66
  0.1972860574879145E-71
  0.5908067865031657E-78
