  0.4034988073321352E-01
  0.8774516590826094E-01
  0.1219743300710249    
  0.1393460973723951    
  0.1400240778978861    
  0.1273225700320142    
  0.1062953020223256    
  0.8216443522657504E-01
  0.5911651937821439E-01
  0.3972931056035873E-01
  0.2500000775973732E-01
  0.1475500882101418E-01
  0.8177933568612678E-02
  0.4260288224636621E-02
  0.2087389178162536E-02
  0.9623480339901828E-03
  0.4175957285394386E-03
  0.1705902968373404E-03
  0.6560906032874912E-04
  0.2375667464330589E-04
  0.8098232181196896E-05
  0.2598489354207514E-05
  0.7846879763586868E-06
  0.2229541088679855E-06
  0.5958719475025029E-07
  0.1497499026551557E-07
  0.3537487625763340E-08
  0.7851610078632041E-09
  0.1636669323982295E-09
  0.3202485200828666E-10
  0.5879026015816428E-11
  0.1011966654122766E-11
  0.1632308575156124E-12
  0.2465630684627335E-13
  0.3485292827224528E-14
  0.4606939502685989E-15
  0.5689895425207364E-16
  0.6560703205117040E-17
  0.7056103848865343E-18
  0.7071954537638534E-19
  0.6598443866630381E-20
  0.5725504161135009E-21
  0.4615005061221026E-22
  0.3451476665244406E-23
  0.2392050558955630E-24
  0.1534246492043587E-25
  0.9094363373177306E-27
  0.4974607732561010E-28
  0.2507108806381274E-29
  0.1162230773655436E-30
  0.4947079941282706E-32
  0.1929867003002912E-33
  0.6885894759742332E-35
  0.2242458373745474E-36
  0.6650202090954855E-38
  0.1791598661928954E-39
  0.4373392916749715E-41
  0.9646398032255956E-43
  0.1916860921860389E-44
  0.3420649439074359E-46
  0.5462944009927480E-48
  0.7779204204713780E-50
  0.9837685718558592E-52
  0.1100051296026354E-53
  0.1082540112438107E-55
  0.9327176410933472E-58
  0.6996590081826931E-60
  0.4541190175133527E-62
  0.2533055862036543E-64
  0.1205155992933349E-66
  0.4849914040874586E-69
  0.1635546328896374E-71
  0.4573809537208255E-74
  0.1048186087658058E-76
  0.1942211792597357E-79
  0.2865177073803010E-82
  0.3305645257256069E-85
  0.2921234880905893E-88
  0.1929310383742538E-91
  0.9246647358603938E-95
  0.3103019028393378E-98
  0.6975593433124034-102
  0.9932184949307346-106
  0.8327560145134852-110
  0.3726831966377339-114
  0.7750402825987201-119
  0.6081983835600074-124
  0.1278104002943705-129
  0.3734858476441410-136
  0.2836566971622568-144
