  -11.88786356047115    
  -11.28169416498927    
  -10.78079647246915    
  -10.33449103953837    
  -9.923435114569241    
  -9.537667916302059    
  -9.171217478726479    
  -8.820150128661059    
  -8.481702187321581    
  -8.153838157463461    
  -7.835003678329286    
  -7.523977290806871    
  -7.219776469758925    
  -6.921595372925818    
  -6.628762080857601    
  -6.340708321329982    
  -6.056947473451027    
  -5.777058228061568    
  -5.500672212315155    
  -5.227464455100677    
  -4.957145928513425    
  -4.689457632952811    
  -4.424165847765179    
  -4.161058274125839    
  -3.899940869387385    
  -3.640635223227205    
  -3.382976362512403    
  -3.126810898373131    
  -2.871995448528732    
  -2.618395282471783    
  -2.365883148074226    
  -2.114338246507009    
  -1.863645328744928    
  -1.613693891851061    
  -1.364377457054007    
  -1.115592914603349    
 -0.8672399227039752    
 -0.6192203496275673    
 -0.3714377494830444    
 -0.1237968631731321    
  0.1237968631731320    
  0.3714377494830441    
  0.6192203496275672    
  0.8672399227039762    
   1.115592914603349    
   1.364377457054007    
   1.613693891851061    
   1.863645328744928    
   2.114338246507010    
   2.365883148074226    
   2.618395282471785    
   2.871995448528735    
   3.126810898373131    
   3.382976362512399    
   3.640635223227206    
   3.899940869387391    
   4.161058274125836    
   4.424165847765178    
   4.689457632952808    
   4.957145928513425    
   5.227464455100677    
   5.500672212315153    
   5.777058228061565    
   6.056947473451025    
   6.340708321329985    
   6.628762080857602    
   6.921595372925817    
   7.219776469758929    
   7.523977290806867    
   7.835003678329289    
   8.153838157463456    
   8.481702187321577    
   8.820150128661059    
   9.171217478726485    
   9.537667916302063    
   9.923435114569248    
   10.33449103953837    
   10.78079647246915    
   11.28169416498926    
   11.88786356047115    
