  -8.098761139250852    
  -7.411582531485467    
  -6.840237305249358    
  -6.328255351220084    
  -5.854095056030395    
  -5.406654247970129    
  -4.979260978545254    
  -4.567502072844396    
  -4.168257066832498    
  -3.779206753435222    
  -3.398558265859627    
  -3.024879883901286    
  -2.656995998442897    
  -2.293917141875084    
  -1.934791472282296    
  -1.578869894931614    
  -1.225480109046289    
 -0.8740066123570879    
 -0.5238747138322770    
 -0.1745372145975821    
  0.1745372145975823    
  0.5238747138322771    
  0.8740066123570889    
   1.225480109046289    
   1.578869894931612    
   1.934791472282297    
   2.293917141875083    
   2.656995998442896    
   3.024879883901286    
   3.398558265859626    
   3.779206753435222    
   4.168257066832497    
   4.567502072844397    
   4.979260978545254    
   5.406654247970127    
   5.854095056030399    
   6.328255351220083    
   6.840237305249356    
   7.411582531485470    
   8.098761139250847    
