 1760.000003 2500.000004 1.000000 9 1.000000
 1760.000003 2520.000004 1.000000 9 1.000000
 1760.000003 2540.000004 1.000000 9 1.000000
 1760.000003 2560.000004 1.000000 9 1.000000
 1780.000003 2540.000004 1.000000 9 1.000000
 1780.000003 2560.000004 1.000000 9 1.000000
 1780.000003 2580.000004 1.000000 9 1.000000
 1780.000003 2600.000004 1.000000 9 1.000000
 1780.000003 2620.000004 1.000000 9 1.000000
 1800.000003 2580.000004 1.000000 9 1.000000
 1800.000003 2600.000004 1.000000 9 1.000000
 1800.000003 2620.000004 1.000000 9 1.000000
 1800.000003 2640.000004 1.000000 9 1.000000
 1800.000003 2660.000004 1.000000 9 1.000000
 1800.000003 2680.000004 1.000000 9 1.000000
 1820.000003 2640.000004 1.000000 9 1.000000
 1820.000003 2660.000004 1.000000 9 1.000000
 1820.000003 2680.000004 1.000000 9 1.000000
 1820.000003 2700.000004 1.000000 9 1.000000
 1820.000003 2720.000004 1.000000 9 1.000000
 1840.000003 2700.000004 1.000000 9 1.000000
 1840.000003 2720.000004 1.000000 9 1.000000
 1840.000003 2740.000004 1.000000 9 1.000000
 1840.000003 2760.000004 1.000000 9 1.000000
 1840.000003 2780.000004 1.000000 9 1.000000
 1860.000003 2760.000004 1.000000 9 1.000000
 1860.000003 2780.000004 1.000000 9 1.000000
 1860.000003 2800.000004 1.000000 9 1.000000
 1880.000003 2800.000004 1.000000 9 1.000000
 1880.000003 2820.000004 1.000000 9 1.000000
 1880.000003 2840.000004 1.000000 9 1.000000
 1900.000003 2820.000004 1.000000 9 1.000000
 1900.000003 2840.000004 1.000000 9 1.000000
 1900.000003 2860.000004 1.000000 9 1.000000
 1920.000003 2860.000004 1.000000 9 1.000000
 1920.000003 2880.000004 1.000000 9 1.000000
 1920.000003 2900.000004 1.000000 9 1.000000
 1940.000003 2880.000004 1.000000 9 1.000000
 1940.000003 2900.000004 1.000000 9 1.000000
 1940.000003 2920.000004 1.000000 9 1.000000
 1940.000003 2940.000004 1.000000 9 1.000000
 1960.000003 2940.000004 1.000000 9 1.000000
 1960.000003 2960.000004 1.000000 9 1.000000
 1960.000003 2980.000005 1.000000 9 1.000000
 1980.000003 2960.000004 1.000000 9 1.000000
 1980.000003 2980.000005 1.000000 9 1.000000
 1980.000003 3000.000005 1.000000 9 1.000000
 2000.000003 2980.000005 1.000000 9 1.000000
 2000.000003 3000.000005 1.000000 9 1.000000
 2000.000003 3020.000005 1.000000 9 1.000000
 2020.000003 3020.000005 1.000000 9 1.000000
 2020.000003 3040.000005 1.000000 9 1.000000
 2040.000003 3020.000005 1.000000 9 1.000000
 2040.000003 3040.000005 1.000000 9 1.000000
 2060.000003 3040.000005 1.000000 9 1.000000
 2060.000003 3060.000005 1.000000 9 1.000000
 2080.000003 3060.000005 1.000000 9 1.000000
 2080.000003 3080.000005 1.000000 9 1.000000
 2100.000003 3060.000005 1.000000 9 1.000000
 2100.000003 3080.000005 1.000000 9 1.000000
 2120.000003 3080.000005 1.000000 9 1.000000
 2860.000004 3080.000005 1.000000 9 1.000000
 2880.000004 3080.000005 1.000000 9 1.000000
 2900.000004 3060.000005 1.000000 9 1.000000
 2900.000004 3080.000005 1.000000 9 1.000000
 2920.000004 3040.000005 1.000000 9 1.000000
 2920.000004 3060.000005 1.000000 9 1.000000
 2940.000004 3040.000005 1.000000 9 1.000000
 2940.000004 3060.000005 1.000000 9 1.000000
 2960.000004 3000.000005 1.000000 9 1.000000
 2960.000004 3020.000005 1.000000 9 1.000000
 2960.000004 3040.000005 1.000000 9 1.000000
 2980.000005 2980.000005 1.000000 9 1.000000
 2980.000005 3000.000005 1.000000 9 1.000000
 2980.000005 3020.000005 1.000000 9 1.000000
 3000.000005 2960.000004 1.000000 9 1.000000
 3000.000005 2980.000005 1.000000 9 1.000000
 3000.000005 3000.000005 1.000000 9 1.000000
 3020.000005 2960.000004 1.000000 9 1.000000
 3020.000005 2980.000005 1.000000 9 1.000000
 3040.000005 2940.000004 1.000000 9 1.000000
 3040.000005 2960.000004 1.000000 9 1.000000
 3060.000005 2900.000004 1.000000 9 1.000000
 3060.000005 2920.000004 1.000000 9 1.000000
 3060.000005 2940.000004 1.000000 9 1.000000
 3080.000005 2880.000004 1.000000 9 1.000000
 3080.000005 2900.000004 1.000000 9 1.000000
 3080.000005 2920.000004 1.000000 9 1.000000
 3100.000005 2840.000004 1.000000 9 1.000000
 3100.000005 2860.000004 1.000000 9 1.000000
 3100.000005 2880.000004 1.000000 9 1.000000
 3100.000005 2900.000004 1.000000 9 1.000000
 3120.000005 2840.000004 1.000000 9 1.000000
 3120.000005 2860.000004 1.000000 9 1.000000
 3140.000005 2780.000004 1.000000 9 1.000000
 3140.000005 2800.000004 1.000000 9 1.000000
 3140.000005 2820.000004 1.000000 9 1.000000
 3140.000005 2840.000004 1.000000 9 1.000000
 3160.000005 2760.000004 1.000000 9 1.000000
 3160.000005 2780.000004 1.000000 9 1.000000
 3160.000005 2800.000004 1.000000 9 1.000000
 3180.000005 2500.000004 1.000000 9 1.000000
 3180.000005 2700.000004 1.000000 9 1.000000
 3180.000005 2720.000004 1.000000 9 1.000000
 3180.000005 2740.000004 1.000000 9 1.000000
 3180.000005 2760.000004 1.000000 9 1.000000
 3200.000005 2500.000004 1.000000 9 1.000000
 3200.000005 2520.000004 1.000000 9 1.000000
 3200.000005 2540.000004 1.000000 9 1.000000
 3200.000005 2560.000004 1.000000 9 1.000000
 3200.000005 2580.000004 1.000000 9 1.000000
 3200.000005 2600.000004 1.000000 9 1.000000
 3200.000005 2620.000004 1.000000 9 1.000000
 3200.000005 2660.000004 1.000000 9 1.000000
 3200.000005 2680.000004 1.000000 9 1.000000
 3200.000005 2700.000004 1.000000 9 1.000000
 3200.000005 2720.000004 1.000000 9 1.000000
 3220.000005 2540.000004 1.000000 9 1.000000
 3220.000005 2560.000004 1.000000 9 1.000000
 3220.000005 2580.000004 1.000000 9 1.000000
 3220.000005 2600.000004 1.000000 9 1.000000
 3220.000005 2620.000004 1.000000 9 1.000000
 3220.000005 2640.000004 1.000000 9 1.000000
 3220.000005 2660.000004 1.000000 9 1.000000
 3220.000005 2680.000004 1.000000 9 1.000000
