2800.00000
2800.00000
2799.70000
2799.40000
2798.49000
2797.59000
2796.08000
2794.58000
2792.48000
2790.38000
2787.70000
2785.02000
2781.77000
2778.51000
2774.69000
2770.88000
2766.52000
2762.15000
2757.27000
2752.38000
2746.98000
2741.58000
2735.70000
2729.81000
2723.47000
2717.12000
2710.34000
2703.55000
2696.36000
2689.17000
2681.59000
2674.02000
2666.09000
2658.17000
2649.92000
2641.68000
2633.15000
2624.62000
2615.85000
2607.07000
2598.07000
2589.08000
2579.90000
2570.73000
2561.41000
2552.09000
2542.67000
2533.25000
2523.76000
2514.27000
2504.76000
2495.24000
2485.73000
2476.23000
2466.77000
2457.31000
2447.93000
2438.56000
2429.31000
2420.06000
2410.97000
2401.88000
2392.99000
2384.10000
2375.44000
2366.78000
2358.39000
2350.00000
2341.91000
2333.82000
2326.07000
2318.32000
2310.93000
2303.54000
2296.55000
2289.56000
2282.99000
2276.42000
2270.30000
2264.18000
2258.54000
2252.90000
2247.75000
2242.60000
2237.98000
2233.35000
2229.26000
2225.17000
2221.63000
2218.09000
2215.12000
2212.15000
2209.76000
2207.37000
2205.57000
2203.77000
2202.56000
2201.36000
2200.75000
2200.15000
2200.15000
2200.15000
2200.75000
2201.36000
2202.56000
2203.77000
2205.57000
2207.37000
2209.76000
2212.15000
2215.12000
2218.09000
2221.63000
2225.17000
2229.26000
2233.35000
2237.98000
2242.60000
2247.75000
2252.90000
2258.54000
2264.18000
2270.30000
2276.42000
2282.99000
2289.56000
2296.55000
2303.54000
2310.93000
2318.32000
2326.07000
2333.82000
2341.91000
2350.00000
2358.39000
2366.78000
2375.44000
2384.10000
2392.99000
2401.88000
2410.97000
2420.06000
2429.31000
2438.56000
2447.93000
2457.31000
2466.77000
2476.23000
2485.73000
2495.24000
2504.76000
2514.27000
2523.76000
2533.25000
2542.67000
2552.09000
2561.41000
2570.73000
2579.90000
2589.08000
2598.07000
2607.07000
2615.85000
2624.62000
2633.15000
2641.68000
2649.92000
2658.17000
2666.09000
2674.02000
2681.59000
2689.17000
2696.36000
2703.55000
2710.34000
2717.12000
2723.47000
2729.81000
2735.70000
2741.58000
2746.98000
2752.38000
2757.27000
2762.15000
2766.52000
2770.88000
2774.69000
2778.51000
2781.77000
2785.02000
2787.70000
2790.38000
2792.48000
2794.58000
2796.08000
2797.59000
2798.49000
2799.40000
2799.70000
2800.00000
3060.67000
3060.67000
3056.54000
3051.80000
3064.32000
3079.70000
3083.38000
3089.50000
3096.03000
3105.69000
3103.18000
3104.17000
3126.72000
3121.31000
3122.40000
3147.23000
3124.29000
3134.02000
3148.07000
3166.17000
3160.87000
3163.40000
3186.08000
3181.04000
3183.60000
3187.89000
3185.32000
3186.25000
3180.58000
3174.91000
3185.39000
3176.26000
3185.95000
3180.57000
3180.56000
3180.50000
3175.79000
3171.94000
3161.62000
3156.93000
3149.16000
3137.39000
3126.94000
3110.65000
3103.64000
3093.90000
3086.93000
3073.67000
3061.95000
3050.23000
3038.51000
3026.80000
3015.08000
3003.36000
2991.64000
2979.93000
2968.21000
2956.49000
2944.78000
2933.06000
2921.34000
2909.63000
2897.91000
2886.19000
2874.48000
2862.76000
2851.04000
2839.33000
2827.61000
2815.89000
2804.17000
2792.45000
2780.73000
2769.94000
2762.23000
2755.33000
2744.63000
2737.06000
2722.99000
2709.00000
2695.02000
2681.03000
2667.04000
2653.06000
2639.07000
2624.53000
2615.85000
2606.10000
2590.30000
2580.00000
2570.00000
2560.00000
2550.00000
2540.00000
2530.00000
2520.00000
2510.00000
2500.00000
2490.00000
2480.00000
2470.00000
2460.00000
2450.00000
2440.00000
2430.00000
2420.00000
2410.00000
2400.00000
2389.75000
2374.65000
2363.27000
2355.39000
2341.01000
2326.74000
2312.46000
2298.19000
2283.52000
2276.55000
2266.58000
2258.37000
2251.82000
2240.33000
2228.61000
2223.50000
2213.70000
2210.01000
2208.25000
2209.70000
2197.80000
2185.78000
2173.79000
2161.60000
2149.56000
2137.54000
2125.56000
2113.48000
2101.46000
2089.44000
2077.48000
2065.15000
2052.98000
2042.16000
2030.10000
2017.95000
2005.87000
1993.77000
1981.71000
1969.47000
1957.23000
1944.93000
1932.91000
1900.67000
1869.00000
1860.90000
1853.04000
1845.23000
1836.84000
1797.68000
1795.63000
1795.21000
1792.05000
1792.00000
1792.19000
1797.54000
1801.63000
1792.86000
1798.94000
1805.68000
1816.60000
1816.96000
1814.24000
1828.38000
1830.58000
1832.29000
1837.82000
1843.14000
1833.55000
1847.03000
1858.47000
1867.64000
1853.50000
1867.04000
1878.47000
1887.51000
1872.84000
1878.69000
1885.31000
1893.23000
1893.78000
1896.26000
1895.47000
1915.86000
1913.69000
1915.64000
1928.69000
1937.14000
1945.02000
1952.74000
1933.14000
1943.74000
1951.53000
1960.27000
1960.06000
1977.19000
1983.93000
1992.50000
1972.86000
1983.97000
1990.76000
1995.87000
2001.48000
2015.98000
2022.36000
2036.97000
2040.97000
2057.59000
2057.65000
2066.47000
2072.68000
2081.98000
2090.91000
2101.68000
2111.43000
2117.02000
2122.12000
2137.96000
2148.46000
2158.00000
2167.54000
2179.10000
2178.76000
2196.42000
2207.43000
2219.95000
2230.00000
2240.00000
2250.00000
2260.05000
2275.95000
2291.81000
2307.66000
2323.52000
2339.37000
2355.23000
2371.08000
2386.94000
2402.80000
2418.65000
2434.51000
2450.36000
2466.22000
2482.07000
2497.93000
2513.78000
2529.64000
2545.49000
2561.35000
2577.20000
2593.06000
2608.92000
2624.77000
2640.63000
2656.48000
2672.34000
2688.19000
2704.05000
2719.95000
2730.00000
2740.03000
2751.36000
2775.21000
2783.09000
2793.23000
2800.23000
2803.40000
2819.20000
2822.57000
2824.73000
2833.78000
2843.67000
2856.46000
2871.47000
2877.24000
2884.07000
2891.54000
2908.65000
2914.17000
2920.67000
2934.60000
2942.87000
2955.54000
2958.95000
2975.40000
2978.52000
2995.49000
2998.50000
3000.74000
3015.27000
3023.84000
3035.07000
3036.83000
3045.53000
3056.61000
3059.03000
3060.67000
2637.47000
2637.47000
2642.71000
2620.87000
2604.63000
2589.34000
2574.05000
2558.77000
2543.49000
2528.21000
2512.93000
2497.64000
2482.36000
2467.07000
2451.79000
2436.51000
2421.23000
2405.95000
2390.66000
2375.38000
2360.05000
2349.77000
2334.88000
2325.75000
2316.97000
2297.22000
2288.97000
2275.80000
2263.79000
2251.80000
2239.78000
2226.06000
2214.46000
2205.31000
2195.13000
2184.02000
2172.91000
2161.81000
2150.70000
2139.60000
2128.50000
2117.38000
2105.34000
2094.45000
2084.44000
2074.41000
2066.05000
2055.82000
2043.79000
2031.80000
2019.77000
2006.06000
1994.47000
1984.44000
1974.41000
1966.05000
1955.83000
1943.80000
1931.80000
1919.79000
1908.84000
1901.53000
1893.92000
1886.29000
1879.52000
1871.86000
1864.18000
1856.52000
1848.72000
1832.47000
1816.16000
1781.85000
1779.09000
1778.03000
1778.00000
1778.11000
1782.47000
1790.71000
1778.99000
1787.11000
1794.38000
1801.77000
1812.85000
1799.00000
1809.17000
1816.54000
1818.08000
1822.25000
1827.26000
1834.40000
1818.91000
1829.10000
1840.49000
1838.08000
1841.86000
1844.58000
1846.96000
1854.43000
1839.28000
1848.32000
1853.75000
1859.03000
1863.35000
1872.59000
1881.82000
1887.42000
1893.30000
1879.03000
1889.68000
1896.93000
1907.43000
1913.31000
1899.03000
1909.68000
1916.93000
1925.14000
1918.98000
1928.58000
1934.53000
1942.31000
1950.71000
1945.34000
1939.33000
1952.69000
1960.90000
1965.67000
1981.11000
1985.65000
1994.21000
1979.11000
1992.34000
2003.71000
2003.69000
2015.18000
2024.13000
2023.85000
2031.80000
2039.75000
2045.52000
2050.91000
2059.01000
2066.95000
2077.09000
2080.97000
2084.49000
2097.52000
2106.36000
2108.93000
2124.04000
2139.76000
2145.17000
2157.57000
2168.31000
2180.02000
2195.75000
2211.43000
2227.10000
2242.77000
2258.43000
2274.11000
2289.78000
2305.45000
2321.12000
2336.79000
2352.47000
2368.14000
2383.81000
2399.48000
2415.15000
2430.82000
2446.49000
2462.16000
2477.84000
2493.51000
2509.18000
2524.85000
2540.52000
2556.19000
2571.86000
2587.53000
2603.21000
2618.88000
2634.55000
2650.22000
2665.89000
2681.57000
2697.23000
2712.90000
2728.57000
2744.25000
2759.96000
2770.00000
2780.00000
2790.00000
2800.02000
2811.92000
2821.00000
2835.60000
2839.56000
2842.98000
2855.98000
2857.09000
2863.32000
2864.07000
2871.16000
2881.26000
2891.89000
2896.11000
2899.48000
2903.07000
2920.43000
2921.00000
2932.05000
2946.56000
2956.22000
2961.15000
2976.19000
2986.47000
2980.18000
2985.44000
2999.99000
3001.17000
3022.71000
3035.80000
3045.89000
3055.85000
3075.56000
3077.61000
3078.55000
3084.40000
3098.49000
3099.96000
3098.97000
3095.18000
3097.65000
3115.24000
3119.75000
3129.34000
3139.93000
3135.57000
3131.70000
3140.11000
3154.18000
3156.85000
3158.15000
3161.95000
3159.41000
3165.14000
3180.40000
3176.96000
3172.39000
3178.35000
3187.07000
3200.70000
3192.01000
3201.71000
3202.00000
3201.98000
3199.21000
3200.43000
3198.38000
3190.90000
3200.83000
3195.63000
3190.81000
3200.95000
3194.79000
3195.41000
3195.05000
3192.21000
3186.96000
3175.79000
3172.51000
3167.15000
3158.61000
3150.65000
3143.20000
3129.84000
3116.50000
3103.17000
3089.84000
3076.51000
3063.07000
3052.87000
3045.64000
3035.56000
3025.56000
3015.56000
3005.55000
2994.66000
2982.63000
2971.51000
2960.40000
2949.30000
2938.19000
2927.08000
2915.98000
2904.86000
2894.68000
2885.57000
2875.56000
2865.56000
2855.56000
2845.47000
2831.76000
2812.05000
2795.69000
2784.50000
2776.81000
2769.78000
2763.15000
2754.77000
2748.01000
2735.96000
2723.97000
2711.11000
2702.71000
2690.66000
2671.39000
2663.85000
2653.71000
2645.58000
2637.47000
2571.17000
2571.17000
2594.31000
2607.39000
2616.81000
2633.36000
2645.83000
2664.23000
2668.53000
2692.64000
2704.26000
2708.66000
2723.19000
2732.55000
2743.97000
2749.93000
2764.13000
2772.72000
2783.45000
2795.91000
2804.67000
2825.08000
2835.34000
2843.41000
2852.54000
2864.47000
2875.81000
2886.63000
2887.41000
2895.43000
2905.26000
2913.24000
2925.23000
2930.45000
2934.98000
2944.89000
2948.11000
2951.58000
2955.70000
2964.06000
2971.24000
2976.36000
2988.61000
3001.83000
2995.82000
3007.50000
3008.80000
3023.08000
3029.20000
3033.88000
3053.50000
3049.94000
3051.86000
3053.60000
3058.09000
3057.38000
3064.41000
3078.47000
3087.49000
3092.28000
3095.71000
3109.00000
3112.13000
3115.79000
3117.97000
3115.33000
3114.96000
3104.44000
3117.91000
3150.75000
3156.80000
3148.09000
3140.12000
3127.57000
3115.20000
3086.78000
3083.48000
3079.98000
3075.96000
3066.77000
3059.61000
3047.47000
3035.48000
3023.49000
3011.50000
2999.51000
2987.52000
2975.54000
2963.55000
2951.56000
2939.57000
2927.58000
2915.60000
2903.61000
2891.62000
2879.63000
2867.64000
2855.65000
2843.66000
2831.67000
2819.68000
2820.98000
2820.11000
2817.09000
2801.87000
2790.33000
2778.91000
2767.49000
2756.07000
2744.62000
2731.57000
2724.05000
2716.53000
2703.18000
2689.84000
2676.30000
2667.10000
2656.31000
2640.65000
2624.95000
2608.21000
2592.44000
2576.68000
2560.92000
2545.16000
2529.40000
2513.64000
2497.88000
2482.12000
2466.36000
2450.60000
2434.84000
2419.08000
2403.32000
2387.56000
2371.79000
2355.42000
2329.88000
2315.81000
2308.33000
2296.02000
2284.04000
2272.04000
2258.63000
2246.01000
2233.92000
2198.92000
2190.36000
2181.98000
2175.94000
2170.22000
2161.10000
2150.05000
2138.05000
2126.06000
2114.07000
2102.07000
2090.08000
2078.09000
2066.10000
2054.11000
2042.30000
2031.38000
2020.28000
2009.17000
1998.06000
1986.96000
1975.85000
1964.74000
1953.62000
1941.31000
1935.19000
1928.33000
1923.33000
1914.09000
1907.81000
1901.54000
1895.22000
1888.63000
1881.87000
1874.65000
1864.62000
1866.59000
1867.32000
1864.06000
1866.16000
1866.83000
1871.03000
1876.19000
1887.93000
1884.20000
1887.43000
1888.35000
1884.98000
1891.86000
1898.51000
1904.45000
1906.30000
1908.33000
1913.26000
1925.02000
1927.04000
1928.36000
1933.26000
1945.02000
1947.04000
1948.36000
1953.26000
1965.04000
1966.62000
1970.85000
1975.41000
1984.55000
1987.05000
1991.56000
1997.10000
2009.96000
2010.60000
2021.05000
2029.87000
2031.72000
2040.69000
2044.81000
2047.04000
2051.56000
2057.11000
2070.42000
2075.71000
2089.74000
2093.42000
2103.40000
2111.57000
2111.91000
2122.72000
2133.22000
2142.19000
2151.22000
2158.41000
2165.56000
2178.19000
2191.61000
2191.58000
2206.54000
2211.44000
2217.60000
2228.41000
2251.61000
2252.01000
2263.26000
2273.83000
2291.79000
2295.40000
2304.92000
2315.23000
2323.74000
2353.53000
2368.94000
2384.49000
2400.04000
2415.58000
2431.13000
2446.68000
2462.23000
2477.77000
2493.32000
2508.87000
2524.42000
2539.96000
2555.51000
2571.17000
1971.42000
1971.42000
1982.24000
1993.10000
1993.60000
2002.65000
2015.51000
2007.19000
2012.18000
2017.27000
2025.50000
2010.96000
2021.34000
2033.21000
2039.66000
2049.59000
2060.23000
2069.37000
2084.78000
2095.60000
2097.20000
2108.94000
2117.74000
2136.18000
2136.52000
2147.92000
2155.94000
2167.80000
2179.11000
2190.31000
2194.35000
2200.10000
2210.98000
2226.18000
2229.85000
2244.99000
2259.90000
2274.65000
2286.79000
2299.98000
2315.55000
2330.99000
2346.44000
2361.88000
2377.10000
2400.00000
2410.00000
2424.44000
2439.11000
2454.55000
2470.00000
2485.45000
2500.89000
2516.34000
2531.78000
2547.23000
2562.67000
2578.12000
2593.56000
2609.01000
2624.45000
2639.95000
2650.00000
2660.09000
2673.63000
2684.24000
2702.76000
2707.21000
2724.60000
2732.60000
2743.85000
2746.76000
2764.58000
2772.53000
2783.57000
2789.07000
2809.95000
2784.58000
2805.21000
2814.51000
2821.27000
2827.97000
2840.30000
2854.65000
2861.12000
2866.08000
2881.61000
2888.65000
2902.07000
2908.90000
2911.79000
2930.02000
2935.86000
2941.87000
2952.95000
2953.47000
2963.76000
2967.26000
2969.48000
2981.51000
2987.58000
2991.89000
3003.22000
3009.46000
3014.36000
3021.58000
3031.58000
3025.94000
3020.63000
3022.37000
3079.64000
3091.01000
3102.23000
3107.86000
3109.62000
3115.14000
3120.66000
3130.98000
3142.59000
3147.91000
3149.93000
3144.32000
3152.77000
3166.69000
3164.99000
3163.06000
3169.40000
3170.00000
3170.00000
3170.00000
3169.95000
3169.14000
3167.58000
3158.54000
3150.05000
3143.49000
3143.83000
3137.38000
3141.19000
3144.29000
3116.11000
3094.07000
3072.96000
3051.86000
2969.25000
2928.37000
2887.51000
2867.09000
2846.67000
2836.46000
2826.25000
2805.82000
2480.62000
1821.36000
1816.25000
1812.70000
1810.17000
1810.00000
1810.26000
1813.47000
1819.17000
1811.66000
1819.69000
1827.31000
1834.50000
1842.75000
1837.57000
1831.18000
1843.25000
1853.42000
1850.09000
1852.87000
1858.39000
1851.04000
1861.71000
1868.71000
1875.04000
1871.12000
1881.71000
1888.72000
1895.05000
1891.65000
1901.24000
1910.08000
1918.58000
1911.46000
1921.79000
1930.03000
1938.58000
1931.46000
1941.81000
1949.50000
1952.46000
1956.52000
1971.42000
1973.41000
1973.41000
1973.99000
1974.11000
1978.24000
1988.46000
1993.11000
2001.69000
2015.87000
2025.18000
2033.73000
2038.11000
2053.04000
2056.42000
2071.95000
2074.02000
2092.64000
2098.34000
2109.14000
2119.77000
2131.28000
2134.65000
2149.10000
2156.89000
2171.90000
2174.15000
2184.28000
2194.81000
2207.08000
2220.93000
2228.77000
2240.20000
2251.63000
2256.66000
2290.81000
2306.75000
2322.30000
2351.54000
2366.49000
2379.89000
2420.00000
2430.00000
2440.00000
2450.00000
2460.00000
2470.00000
2480.00000
2490.00000
2500.00000
2510.00000
2520.00000
2530.00000
2540.00000
2550.00000
2560.14000
2574.66000
2590.15000
2602.15000
2617.70000
2633.25000
2648.80000
2664.35000
2679.95000
2690.00000
2700.08000
2713.48000
2727.05000
2735.03000
2748.79000
2757.04000
2762.81000
2776.04000
2788.82000
2794.90000
2800.55000
2807.96000
2815.42000
2821.86000
2822.17000
2831.99000
2843.62000
2851.64000
2861.44000
2863.77000
2873.43000
2882.22000
2891.45000
2900.66000
2909.33000
2919.81000
2925.16000
2935.04000
2943.58000
2951.33000
2960.88000
2967.97000
2969.80000
2971.10000
2980.26000
2992.72000
2999.61000
3007.25000
3015.42000
3023.76000
3033.83000
3041.44000
3046.58000
3053.16000
3063.07000
3067.91000
3069.89000
3070.09000
3069.90000
3073.90000
3071.02000
3091.57000
3088.69000
3088.57000
3091.38000
3110.93000
3109.43000
3107.93000
3110.78000
3122.88000
3125.29000
3128.93000
3152.47000
3149.58000
3148.01000
3153.68000
3154.00000
3153.94000
3150.92000
3148.19000
3146.08000
3141.29000
3166.65000
3164.56000
3160.81000
3155.22000
3148.06000
3131.27000
3123.38000
3112.57000
3118.38000
3129.37000
3114.30000
3102.55000
3091.59000
3080.68000
3038.61000
2957.94000
2947.96000
2938.00000
2918.07000
2908.11000
2898.15000
2878.24000
2798.56000
2481.62000
2323.14000
2164.65000
1839.34000
1833.96000
1830.46000
1826.19000
1826.00000
1826.23000
1830.50000
1832.49000
1834.58000
1848.26000
1852.04000
1855.71000
1847.20000
1855.67000
1861.16000
1864.29000
1866.65000
1871.03000
1872.21000
1874.75000
1886.56000
1890.94000
1892.21000
1894.75000
1906.59000
1912.31000
1914.90000
1926.63000
1930.43000
1932.64000
1935.77000
1946.52000
1950.43000
1952.64000
1955.77000
1966.52000
1970.83000
1973.41000
1780.00000
1780.00000
1780.00000
1780.00000
1780.00000
1780.00000
1790.00000
1800.00000
1790.00000
1780.00000
1790.00000
1800.00000
1800.00000
1800.00000
1810.00000
1820.00000
1810.00000
1800.00000
1810.00000
1820.00000
1820.00000
1820.00000
1820.00000
1820.00000
1830.00000
1840.00000
1830.00000
1820.00000
1830.00000
1840.00000
1840.00000
1840.00000
1840.00000
1840.00000
1850.00000
1860.00000
1850.00000
1840.00000
1850.00000
1860.00000
1860.00000
1860.00000
1870.00000
1880.00000
1870.00000
1860.00000
1870.00000
1880.00000
1880.00000
1880.00000
1880.00000
1880.00000
1890.00000
1900.00000
1910.00000
1920.00000
1910.00000
1900.00000
1910.00000
1920.00000
1920.00000
1920.00000
1930.00000
1940.00000
1930.00000
1920.00000
1930.00000
1940.00000
1940.00000
1940.00000
1950.00000
1960.00000
1950.00000
1940.00000
1950.00000
1960.00000
1960.00000
1960.00000
1970.00000
1980.00000
1970.00000
1960.00000
1970.00000
1980.00000
1980.00000
1980.00000
1990.00000
2000.00000
2000.00000
2000.00000
2010.00000
2020.00000
2020.00000
2020.00000
2030.00000
2040.00000
2040.00000
2040.00000
2050.00000
2060.00000
2060.00000
2060.00000
2070.00000
2080.00000
2080.00000
2080.00000
2090.00000
2100.00000
2100.00000
2100.00000
2110.00000
2120.00000
2120.00000
2120.00000
2130.00000
2140.00000
2140.00000
2140.00000
2150.00000
2160.00000
2170.00000
2180.00000
2195.90000
2211.79000
2227.69000
2243.59000
2259.49000
2275.38000
2291.28000
2307.18000
2323.08000
2338.97000
2354.87000
2370.77000
2386.67000
2402.56000
2418.46000
2434.36000
2450.26000
2466.15000
2482.05000
2497.95000
2513.85000
2529.74000
2545.64000
2561.54000
2577.44000
2593.33000
2609.23000
2625.13000
2641.03000
2656.92000
2672.82000
2688.72000
2704.62000
2720.51000
2736.41000
2752.31000
2768.21000
2784.10000
2800.00000
2810.00000
2820.00000
2820.00000
2820.00000
2830.00000
2840.00000
2840.00000
2840.00000
2850.00000
2860.00000
2860.00000
2860.00000
2870.00000
2880.00000
2880.00000
2880.00000
2890.00000
2900.00000
2900.00000
2900.00000
2910.00000
2920.00000
2920.00000
2920.00000
2920.00000
2920.00000
2930.00000
2940.00000
2940.00000
2940.00000
2950.00000
2960.00000
2970.00000
2980.00000
2980.00000
2980.00000
2990.00000
3000.00000
2990.00000
2980.00000
2990.00000
3000.00000
3000.00000
3000.00000
3010.00000
3020.00000
3010.00000
3000.00000
3010.00000
3020.00000
3030.00000
3040.00000
3040.00000
3040.00000
3050.00000
3060.00000
3060.00000
3060.00000
3070.00000
3080.00000
3080.00000
3080.00000
3090.00000
3100.00000
3100.00000
3100.00000
3100.00000
3100.00000
3110.00000
3120.00000
3110.00000
3100.00000
3110.00000
3120.00000
3120.00000
3120.00000
3130.00000
3140.00000
3130.00000
3120.00000
3130.00000
3140.00000
3150.00000
3160.00000
3150.00000
3140.00000
3150.00000
3160.00000
3160.00000
3160.00000
3170.00000
3180.00000
3170.00000
3160.00000
3170.00000
3180.00000
3180.00000
3180.00000
3180.00000
3180.00000
3190.00000
3200.00000
3190.00000
3180.00000
3190.00000
3200.00000
3190.00000
3180.00000
3190.00000
3200.00000
3190.00000
3180.00000
3190.00000
3200.00000
3190.00000
3180.00000
3190.00000
3200.00000
3190.00000
3180.00000
3190.00000
3200.00000
3190.00000
3180.00000
3190.00000
3200.00000
3190.00000
3180.00000
3170.00000
3160.00000
3170.00000
3180.00000
3167.32000
3154.63000
3141.95000
3129.27000
3116.59000
3103.90000
3091.22000
3078.54000
3065.85000
3053.17000
3040.49000
3027.80000
3015.12000
3002.44000
2989.76000
2977.07000
2964.39000
2951.71000
2939.02000
2926.34000
2913.66000
2900.98000
2888.29000
2875.61000
2862.93000
2850.24000
2837.56000
2824.88000
2812.20000
2799.51000
2786.83000
2774.15000
2761.46000
2748.78000
2736.10000
2723.41000
2710.73000
2698.05000
2685.37000
2672.68000
2660.00000
2644.55000
2629.09000
2613.64000
2598.18000
2582.73000
2567.27000
2551.82000
2536.36000
2520.91000
2505.45000
2490.00000
2474.55000
2459.09000
2443.64000
2428.18000
2412.73000
2397.27000
2381.82000
2366.36000
2350.91000
2335.45000
2320.00000
1780.00000
