2800.000000 2500.000000 1.000000
2800.000000 2500.000000 1.000000
2799.700000 2490.490000 1.000000
2799.400000 2480.970000 1.000000
2798.490000 2471.500000 1.000000
2797.590000 2462.020000 1.000000
2796.080000 2452.620000 1.000000
2794.580000 2443.220000 1.000000
2792.480000 2433.940000 1.000000
2790.380000 2424.660000 1.000000
2787.700000 2415.520000 1.000000
2785.020000 2406.390000 1.000000
2781.770000 2397.450000 1.000000
2778.510000 2388.500000 1.000000
2774.690000 2379.780000 1.000000
2770.880000 2371.060000 1.000000
2766.520000 2362.600000 1.000000
2762.150000 2354.140000 1.000000
2757.270000 2345.970000 1.000000
2752.380000 2337.810000 1.000000
2746.980000 2329.970000 1.000000
2741.580000 2322.130000 1.000000
2735.700000 2314.650000 1.000000
2729.810000 2307.160000 1.000000
2723.470000 2300.070000 1.000000
2717.120000 2292.980000 1.000000
2710.340000 2286.300000 1.000000
2703.550000 2279.620000 1.000000
2696.360000 2273.390000 1.000000
2689.170000 2267.160000 1.000000
2681.590000 2261.390000 1.000000
2674.020000 2255.630000 1.000000
2666.090000 2250.350000 1.000000
2658.170000 2245.080000 1.000000
2649.920000 2240.320000 1.000000
2641.680000 2235.560000 1.000000
2633.150000 2231.340000 1.000000
2624.620000 2227.110000 1.000000
2615.850000 2223.430000 1.000000
2607.070000 2219.760000 1.000000
2598.070000 2216.640000 1.000000
2589.080000 2213.530000 1.000000
2579.900000 2210.990000 1.000000
2570.730000 2208.460000 1.000000
2561.410000 2206.510000 1.000000
2552.090000 2204.560000 1.000000
2542.670000 2203.200000 1.000000
2533.250000 2201.850000 1.000000
2523.760000 2201.090000 1.000000
2514.270000 2200.340000 1.000000
2504.760000 2200.190000 1.000000
2495.240000 2200.040000 1.000000
2485.730000 2200.490000 1.000000
2476.230000 2200.940000 1.000000
2466.770000 2202.000000 1.000000
2457.310000 2203.050000 1.000000
2447.930000 2204.710000 1.000000
2438.560000 2206.360000 1.000000
2429.310000 2208.600000 1.000000
2420.060000 2210.850000 1.000000
2410.970000 2213.670000 1.000000
2401.880000 2216.500000 1.000000
2392.990000 2219.900000 1.000000
2384.100000 2223.290000 1.000000
2375.440000 2227.250000 1.000000
2366.780000 2231.200000 1.000000
2358.390000 2235.700000 1.000000
2350.000000 2240.190000 1.000000
2341.910000 2245.210000 1.000000
2333.820000 2250.230000 1.000000
2326.070000 2255.750000 1.000000
2318.320000 2261.270000 1.000000
2310.930000 2267.270000 1.000000
2303.540000 2273.280000 1.000000
2296.550000 2279.730000 1.000000
2289.560000 2286.190000 1.000000
2282.990000 2293.080000 1.000000
2276.420000 2299.970000 1.000000
2270.300000 2307.260000 1.000000
2264.180000 2314.550000 1.000000
2258.540000 2322.220000 1.000000
2252.900000 2329.880000 1.000000
2247.750000 2337.890000 1.000000
2242.600000 2345.900000 1.000000
2237.980000 2354.210000 1.000000
2233.350000 2362.530000 1.000000
2229.260000 2371.130000 1.000000
2225.170000 2379.720000 1.000000
2221.630000 2388.560000 1.000000
2218.090000 2397.390000 1.000000
2215.120000 2406.440000 1.000000
2212.150000 2415.480000 1.000000
2209.760000 2424.690000 1.000000
2207.370000 2433.910000 1.000000
2205.570000 2443.250000 1.000000
2203.770000 2452.600000 1.000000
2202.560000 2462.040000 1.000000
2201.360000 2471.480000 1.000000
2200.750000 2480.980000 1.000000
2200.150000 2490.480000 1.000000
2200.150000 2500.000000 1.000000
2200.150000 2509.520000 1.000000
2200.750000 2519.020000 1.000000
2201.360000 2528.520000 1.000000
2202.560000 2537.960000 1.000000
2203.770000 2547.400000 1.000000
2205.570000 2556.750000 1.000000
2207.370000 2566.090000 1.000000
2209.760000 2575.310000 1.000000
2212.150000 2584.520000 1.000000
2215.120000 2593.560000 1.000000
2218.090000 2602.610000 1.000000
2221.630000 2611.440000 1.000000
2225.170000 2620.280000 1.000000
2229.260000 2628.870000 1.000000
2233.350000 2637.470000 1.000000
2237.980000 2645.790000 1.000000
2242.600000 2654.100000 1.000000
2247.750000 2662.110000 1.000000
2252.900000 2670.120000 1.000000
2258.540000 2677.780000 1.000000
2264.180000 2685.450000 1.000000
2270.300000 2692.740000 1.000000
2276.420000 2700.030000 1.000000
2282.990000 2706.920000 1.000000
2289.560000 2713.810000 1.000000
2296.550000 2720.270000 1.000000
2303.540000 2726.720000 1.000000
2310.930000 2732.730000 1.000000
2318.320000 2738.730000 1.000000
2326.070000 2744.250000 1.000000
2333.820000 2749.770000 1.000000
2341.910000 2754.790000 1.000000
2350.000000 2759.810000 1.000000
2358.390000 2764.300000 1.000000
2366.780000 2768.800000 1.000000
2375.440000 2772.750000 1.000000
2384.100000 2776.710000 1.000000
2392.990000 2780.100000 1.000000
2401.880000 2783.500000 1.000000
2410.970000 2786.330000 1.000000
2420.060000 2789.150000 1.000000
2429.310000 2791.400000 1.000000
2438.560000 2793.640000 1.000000
2447.930000 2795.290000 1.000000
2457.310000 2796.950000 1.000000
2466.770000 2798.000000 1.000000
2476.230000 2799.060000 1.000000
2485.730000 2799.510000 1.000000
2495.240000 2799.960000 1.000000
2504.760000 2799.810000 1.000000
2514.270000 2799.660000 1.000000
2523.760000 2798.910000 1.000000
2533.250000 2798.150000 1.000000
2542.670000 2796.800000 1.000000
2552.090000 2795.440000 1.000000
2561.410000 2793.490000 1.000000
2570.730000 2791.540000 1.000000
2579.900000 2789.010000 1.000000
2589.080000 2786.470000 1.000000
2598.070000 2783.360000 1.000000
2607.070000 2780.240000 1.000000
2615.850000 2776.570000 1.000000
2624.620000 2772.890000 1.000000
2633.150000 2768.660000 1.000000
2641.680000 2764.440000 1.000000
2649.920000 2759.680000 1.000000
2658.170000 2754.920000 1.000000
2666.090000 2749.650000 1.000000
2674.020000 2744.370000 1.000000
2681.590000 2738.610000 1.000000
2689.170000 2732.840000 1.000000
2696.360000 2726.610000 1.000000
2703.550000 2720.380000 1.000000
2710.340000 2713.700000 1.000000
2717.120000 2707.020000 1.000000
2723.470000 2699.930000 1.000000
2729.810000 2692.840000 1.000000
2735.700000 2685.350000 1.000000
2741.580000 2677.870000 1.000000
2746.980000 2670.030000 1.000000
2752.380000 2662.190000 1.000000
2757.270000 2654.030000 1.000000
2762.150000 2645.860000 1.000000
2766.520000 2637.400000 1.000000
2770.880000 2628.940000 1.000000
2774.690000 2620.220000 1.000000
2778.510000 2611.500000 1.000000
2781.770000 2602.550000 1.000000
2785.020000 2593.610000 1.000000
2787.700000 2584.480000 1.000000
2790.380000 2575.340000 1.000000
2792.480000 2566.060000 1.000000
2794.580000 2556.780000 1.000000
2796.080000 2547.380000 1.000000
2797.590000 2537.980000 1.000000
2798.490000 2528.500000 1.000000
2799.400000 2519.030000 1.000000
2799.700000 2509.510000 1.000000
2800.000000 2500.000000 1.000000
3060.670000 2893.370000 2.000000
3060.670000 2893.370000 2.000000
3056.540000 2885.670000 2.000000
3051.800000 2877.890000 2.000000
3064.320000 2862.570000 2.000000
3079.700000 2859.890000 2.000000
3083.380000 2848.500000 2.000000
3089.500000 2842.660000 2.000000
3096.030000 2837.710000 2.000000
3105.690000 2831.080000 2.000000
3103.180000 2816.990000 2.000000
3104.170000 2803.780000 2.000000
3126.720000 2788.230000 2.000000
3121.310000 2772.720000 2.000000
3122.400000 2764.440000 2.000000
3147.230000 2745.090000 2.000000
3124.290000 2730.850000 2.000000
3134.020000 2743.230000 2.000000
3148.070000 2721.830000 2.000000
3166.170000 2709.830000 2.000000
3160.870000 2692.770000 2.000000
3163.400000 2682.420000 2.000000
3186.080000 2670.190000 2.000000
3181.040000 2658.390000 2.000000
3183.600000 2645.250000 2.000000
3187.890000 2632.130000 2.000000
3185.320000 2621.520000 2.000000
3186.250000 2611.390000 2.000000
3180.580000 2602.490000 2.000000
3174.910000 2593.590000 2.000000
3185.390000 2591.730000 2.000000
3176.260000 2572.480000 2.000000
3185.950000 2570.290000 2.000000
3180.570000 2553.720000 2.000000
3180.560000 2544.510000 2.000000
3180.500000 2533.140000 2.000000
3175.790000 2524.060000 2.000000
3171.940000 2512.650000 2.000000
3161.620000 2502.570000 2.000000
3156.930000 2488.280000 2.000000
3149.160000 2479.660000 2.000000
3137.390000 2469.940000 2.000000
3126.940000 2466.160000 2.000000
3110.650000 2462.810000 2.000000
3103.640000 2458.370000 2.000000
3093.900000 2455.700000 2.000000
3086.930000 2448.770000 2.000000
3073.670000 2439.740000 2.000000
3061.950000 2429.400000 2.000000
3050.230000 2419.060000 2.000000
3038.510000 2408.720000 2.000000
3026.800000 2398.380000 2.000000
3015.080000 2388.040000 2.000000
3003.360000 2377.700000 2.000000
2991.640000 2367.360000 2.000000
2979.930000 2357.030000 2.000000
2968.210000 2346.690000 2.000000
2956.490000 2336.350000 2.000000
2944.780000 2326.010000 2.000000
2933.060000 2315.670000 2.000000
2921.340000 2305.330000 2.000000
2909.630000 2295.000000 2.000000
2897.910000 2284.660000 2.000000
2886.190000 2274.320000 2.000000
2874.480000 2263.980000 2.000000
2862.760000 2253.640000 2.000000
2851.040000 2243.310000 2.000000
2839.330000 2232.970000 2.000000
2827.610000 2222.630000 2.000000
2815.890000 2212.290000 2.000000
2804.170000 2201.950000 2.000000
2792.450000 2191.610000 2.000000
2780.730000 2181.270000 2.000000
2769.940000 2169.090000 2.000000
2762.230000 2164.990000 2.000000
2755.330000 2156.580000 2.000000
2744.630000 2151.580000 2.000000
2737.060000 2148.280000 2.000000
2722.990000 2142.240000 2.000000
2709.000000 2136.250000 2.000000
2695.020000 2130.260000 2.000000
2681.030000 2124.260000 2.000000
2667.040000 2118.270000 2.000000
2653.060000 2112.280000 2.000000
2639.070000 2106.280000 2.000000
2624.530000 2100.060000 2.000000
2615.850000 2098.620000 2.000000
2606.100000 2092.680000 2.000000
2590.300000 2092.000000 2.000000
2580.000000 2092.000000 2.000000
2570.000000 2092.000000 2.000000
2560.000000 2092.000000 2.000000
2550.000000 2092.000000 2.000000
2540.000000 2092.000000 2.000000
2530.000000 2092.000000 2.000000
2520.000000 2092.000000 2.000000
2510.000000 2092.000000 2.000000
2500.000000 2092.000000 2.000000
2490.000000 2092.000000 2.000000
2480.000000 2092.000000 2.000000
2470.000000 2092.000000 2.000000
2460.000000 2092.000000 2.000000
2450.000000 2092.000000 2.000000
2440.000000 2092.000000 2.000000
2430.000000 2092.000000 2.000000
2420.000000 2092.000000 2.000000
2410.000000 2092.000000 2.000000
2400.000000 2092.000000 2.000000
2389.750000 2092.000000 2.000000
2374.650000 2092.520000 2.000000
2363.270000 2096.600000 2.000000
2355.390000 2099.690000 2.000000
2341.010000 2105.440000 2.000000
2326.740000 2111.150000 2.000000
2312.460000 2116.860000 2.000000
2298.190000 2122.570000 2.000000
2283.520000 2128.440000 2.000000
2276.550000 2133.430000 2.000000
2266.580000 2135.430000 2.000000
2258.370000 2141.320000 2.000000
2251.820000 2146.140000 2.000000
2240.330000 2154.760000 2.000000
2228.610000 2163.550000 2.000000
2223.500000 2169.980000 2.000000
2213.700000 2175.490000 2.000000
2210.010000 2186.560000 2.000000
2208.250000 2195.150000 2.000000
2209.700000 2211.020000 2.000000
2197.800000 2220.810000 2.000000
2185.780000 2230.640000 2.000000
2173.790000 2240.460000 2.000000
2161.600000 2250.100000 2.000000
2149.560000 2260.000000 2.000000
2137.540000 2269.820000 2.000000
2125.560000 2279.660000 2.000000
2113.480000 2289.410000 2.000000
2101.460000 2299.260000 2.000000
2089.440000 2309.050000 2.000000
2077.480000 2318.800000 2.000000
2065.150000 2328.260000 2.000000
2052.980000 2338.270000 2.000000
2042.160000 2349.710000 2.000000
2030.100000 2359.620000 2.000000
2017.950000 2369.440000 2.000000
2005.870000 2379.380000 2.000000
1993.770000 2389.250000 2.000000
1981.710000 2399.140000 2.000000
1969.470000 2408.850000 2.000000
1957.230000 2418.990000 2.000000
1944.930000 2429.000000 2.000000
1932.910000 2438.910000 2.000000
1900.670000 2446.820000 2.000000
1869.000000 2456.880000 2.000000
1860.900000 2460.250000 2.000000
1853.040000 2463.500000 2.000000
1845.230000 2466.590000 2.000000
1836.840000 2468.450000 2.000000
1797.680000 2483.160000 2.000000
1795.630000 2491.030000 2.000000
1795.210000 2499.230000 2.000000
1792.050000 2508.470000 2.000000
1792.000000 2520.040000 2.000000
1792.190000 2532.910000 2.000000
1797.540000 2545.880000 2.000000
1801.630000 2555.630000 2.000000
1792.860000 2566.300000 2.000000
1798.940000 2572.000000 2.000000
1805.680000 2576.720000 2.000000
1816.600000 2583.340000 2.000000
1816.960000 2591.600000 2.000000
1814.240000 2610.710000 2.000000
1828.380000 2616.330000 2.000000
1830.580000 2624.730000 2.000000
1832.290000 2633.310000 2.000000
1837.820000 2645.830000 2.000000
1843.140000 2657.190000 2.000000
1833.550000 2668.970000 2.000000
1847.030000 2675.790000 2.000000
1858.470000 2679.750000 2.000000
1867.640000 2693.690000 2.000000
1853.500000 2708.690000 2.000000
1867.040000 2715.800000 2.000000
1878.470000 2719.750000 2.000000
1887.510000 2733.270000 2.000000
1872.840000 2745.470000 2.000000
1878.690000 2751.430000 2.000000
1885.310000 2756.510000 2.000000
1893.230000 2767.290000 2.000000
1893.780000 2775.240000 2.000000
1896.260000 2782.930000 2.000000
1895.470000 2793.250000 2.000000
1915.860000 2802.270000 2.000000
1913.690000 2814.240000 2.000000
1915.640000 2833.510000 2.000000
1928.690000 2840.060000 2.000000
1937.140000 2843.090000 2.000000
1945.020000 2863.100000 2.000000
1952.740000 2853.820000 2.000000
1933.140000 2867.180000 2.000000
1943.740000 2873.240000 2.000000
1951.530000 2879.100000 2.000000
1960.270000 2885.370000 2.000000
1960.060000 2899.630000 2.000000
1977.190000 2901.590000 2.000000
1983.930000 2922.380000 2.000000
1992.500000 2913.430000 2.000000
1972.860000 2925.290000 2.000000
1983.970000 2935.020000 2.000000
1990.760000 2940.160000 2.000000
1995.870000 2945.410000 2.000000
2001.480000 2960.950000 2.000000
2015.980000 2962.880000 2.000000
2022.360000 2981.660000 2.000000
2036.970000 2983.870000 2.000000
2040.970000 3000.500000 2.000000
2057.590000 2998.240000 2.000000
2057.650000 3016.560000 2.000000
2066.470000 3021.110000 2.000000
2072.680000 3026.340000 2.000000
2081.980000 3034.500000 2.000000
2090.910000 3046.440000 2.000000
2101.680000 3043.580000 2.000000
2111.430000 3043.900000 2.000000
2117.020000 3046.790000 2.000000
2122.120000 3061.460000 2.000000
2137.960000 3062.000000 2.000000
2148.460000 3085.500000 2.000000
2158.000000 3082.820000 2.000000
2167.540000 3080.150000 2.000000
2179.100000 3083.100000 2.000000
2178.760000 3098.170000 2.000000
2196.420000 3103.390000 2.000000
2207.430000 3107.860000 2.000000
2219.950000 3108.000000 2.000000
2230.000000 3108.000000 2.000000
2240.000000 3108.000000 2.000000
2250.000000 3108.000000 2.000000
2260.050000 3108.000000 2.000000
2275.950000 3108.000000 2.000000
2291.810000 3108.000000 2.000000
2307.660000 3106.000000 2.000000
2323.520000 3106.000000 2.000000
2339.370000 3106.000000 2.000000
2355.230000 3106.000000 2.000000
2371.080000 3106.000000 2.000000
2386.940000 3106.000000 2.000000
2402.800000 3106.000000 2.000000
2418.650000 3106.000000 2.000000
2434.510000 3106.000000 2.000000
2450.360000 3106.000000 2.000000
2466.220000 3106.000000 2.000000
2482.070000 3106.000000 2.000000
2497.930000 3106.000000 2.000000
2513.780000 3106.000000 2.000000
2529.640000 3106.000000 2.000000
2545.490000 3106.000000 2.000000
2561.350000 3106.000000 2.000000
2577.200000 3106.000000 2.000000
2593.060000 3106.000000 2.000000
2608.920000 3106.000000 2.000000
2624.770000 3106.000000 2.000000
2640.630000 3106.000000 2.000000
2656.480000 3106.000000 2.000000
2672.340000 3106.000000 2.000000
2688.190000 3108.000000 2.000000
2704.050000 3108.000000 2.000000
2719.950000 3108.000000 2.000000
2730.000000 3108.000000 2.000000
2740.030000 3108.000000 2.000000
2751.360000 3107.960000 2.000000
2775.210000 3106.290000 2.000000
2783.090000 3103.760000 2.000000
2793.230000 3104.550000 2.000000
2800.230000 3091.620000 2.000000
2803.400000 3083.320000 2.000000
2819.200000 3080.360000 2.000000
2822.570000 3071.740000 2.000000
2824.730000 3060.570000 2.000000
2833.780000 3052.210000 2.000000
2843.670000 3066.320000 2.000000
2856.460000 3071.530000 2.000000
2871.470000 3078.650000 2.000000
2877.240000 3062.170000 2.000000
2884.070000 3057.260000 2.000000
2891.540000 3052.710000 2.000000
2908.650000 3060.220000 2.000000
2914.170000 3046.590000 2.000000
2920.670000 3036.250000 2.000000
2934.600000 3036.370000 2.000000
2942.870000 3019.050000 2.000000
2955.540000 3015.510000 2.000000
2958.950000 2998.430000 2.000000
2975.400000 2995.710000 2.000000
2978.520000 2978.840000 2.000000
2995.490000 2975.570000 2.000000
2998.500000 2966.130000 2.000000
3000.740000 2955.700000 2.000000
3015.270000 2955.830000 2.000000
3023.840000 2938.510000 2.000000
3035.070000 2935.980000 2.000000
3036.830000 2923.940000 2.000000
3045.530000 2919.280000 2.000000
3056.610000 2914.290000 2.000000
3059.030000 2903.380000 2.000000
3060.670000 2893.370000 2.000000
2637.470000 2124.940000 3.000000
2637.470000 2124.940000 3.000000
2642.710000 2103.030000 3.000000
2620.870000 2098.030000 3.000000
2604.630000 2098.000000 3.000000
2589.340000 2098.000000 3.000000
2574.050000 2098.000000 3.000000
2558.770000 2098.000000 3.000000
2543.490000 2100.000000 3.000000
2528.210000 2100.000000 3.000000
2512.930000 2100.000000 3.000000
2497.640000 2100.000000 3.000000
2482.360000 2100.000000 3.000000
2467.070000 2100.000000 3.000000
2451.790000 2100.000000 3.000000
2436.510000 2100.000000 3.000000
2421.230000 2098.000000 3.000000
2405.950000 2098.000000 3.000000
2390.660000 2098.000000 3.000000
2375.380000 2098.000000 3.000000
2360.050000 2098.000000 3.000000
2349.770000 2098.000000 3.000000
2334.880000 2098.610000 3.000000
2325.750000 2102.830000 3.000000
2316.970000 2106.920000 3.000000
2297.220000 2119.040000 3.000000
2288.970000 2120.960000 3.000000
2275.800000 2129.690000 3.000000
2263.790000 2137.700000 3.000000
2251.800000 2145.690000 3.000000
2239.780000 2153.710000 3.000000
2226.060000 2162.980000 3.000000
2214.460000 2174.430000 3.000000
2205.310000 2183.620000 3.000000
2195.130000 2191.720000 3.000000
2184.020000 2200.610000 3.000000
2172.910000 2209.500000 3.000000
2161.810000 2218.380000 3.000000
2150.700000 2227.260000 3.000000
2139.600000 2236.150000 3.000000
2128.500000 2245.030000 3.000000
2117.380000 2253.920000 3.000000
2105.340000 2263.600000 3.000000
2094.450000 2274.440000 3.000000
2084.440000 2284.440000 3.000000
2074.410000 2294.470000 3.000000
2066.050000 2302.990000 3.000000
2055.820000 2309.680000 3.000000
2043.790000 2317.700000 3.000000
2031.800000 2325.690000 3.000000
2019.770000 2333.710000 3.000000
2006.060000 2342.980000 3.000000
1994.470000 2354.420000 3.000000
1984.440000 2364.440000 3.000000
1974.410000 2374.470000 3.000000
1966.050000 2382.990000 3.000000
1955.830000 2389.670000 3.000000
1943.800000 2397.700000 3.000000
1931.800000 2405.690000 3.000000
1919.790000 2413.700000 3.000000
1908.840000 2421.040000 3.000000
1901.530000 2424.870000 3.000000
1893.920000 2428.800000 3.000000
1886.290000 2432.800000 3.000000
1879.520000 2438.420000 3.000000
1871.860000 2442.440000 3.000000
1864.180000 2446.400000 3.000000
1856.520000 2450.380000 3.000000
1848.720000 2454.070000 3.000000
1832.470000 2462.560000 3.000000
1816.160000 2470.930000 3.000000
1781.850000 2487.580000 3.000000
1779.090000 2500.110000 3.000000
1778.030000 2508.980000 3.000000
1778.000000 2520.020000 3.000000
1778.110000 2531.890000 3.000000
1782.470000 2542.480000 3.000000
1790.710000 2550.730000 3.000000
1778.990000 2566.250000 3.000000
1787.110000 2572.530000 3.000000
1794.380000 2576.340000 3.000000
1801.770000 2579.980000 3.000000
1812.850000 2591.620000 3.000000
1799.000000 2606.240000 3.000000
1809.170000 2611.490000 3.000000
1816.540000 2616.130000 3.000000
1818.080000 2631.660000 3.000000
1822.250000 2641.780000 3.000000
1827.260000 2657.670000 3.000000
1834.400000 2652.480000 3.000000
1818.910000 2665.870000 3.000000
1829.100000 2671.310000 3.000000
1840.490000 2677.350000 3.000000
1838.080000 2691.650000 3.000000
1841.860000 2701.220000 3.000000
1844.580000 2708.960000 3.000000
1846.960000 2717.490000 3.000000
1854.430000 2712.740000 3.000000
1839.280000 2727.230000 3.000000
1848.320000 2732.020000 3.000000
1853.750000 2738.060000 3.000000
1859.030000 2744.160000 3.000000
1863.350000 2754.350000 3.000000
1872.590000 2757.560000 3.000000
1881.820000 2760.770000 3.000000
1887.420000 2777.780000 3.000000
1893.300000 2772.930000 3.000000
1879.030000 2786.390000 3.000000
1889.680000 2791.490000 3.000000
1896.930000 2796.650000 3.000000
1907.430000 2817.790000 3.000000
1913.310000 2812.930000 3.000000
1899.030000 2826.390000 3.000000
1909.680000 2831.490000 3.000000
1916.930000 2836.650000 3.000000
1925.140000 2854.600000 3.000000
1918.980000 2866.240000 3.000000
1928.580000 2871.450000 3.000000
1934.530000 2877.710000 3.000000
1942.310000 2880.540000 3.000000
1950.710000 2890.430000 3.000000
1945.340000 2897.500000 3.000000
1939.330000 2907.410000 3.000000
1952.690000 2913.660000 3.000000
1960.900000 2922.600000 3.000000
1965.670000 2936.530000 3.000000
1981.110000 2935.980000 3.000000
1985.650000 2956.520000 3.000000
1994.210000 2952.380000 3.000000
1979.110000 2966.700000 3.000000
1992.340000 2973.010000 3.000000
2003.710000 2979.870000 3.000000
2003.690000 2994.720000 3.000000
2015.180000 2999.670000 3.000000
2024.130000 3001.040000 3.000000
2023.850000 3014.920000 3.000000
2031.800000 3016.750000 3.000000
2039.750000 3018.580000 3.000000
2045.520000 3026.750000 3.000000
2050.910000 3040.020000 3.000000
2059.010000 3037.620000 3.000000
2066.950000 3033.990000 3.000000
2077.090000 3034.830000 3.000000
2080.970000 3035.690000 3.000000
2084.490000 3055.580000 3.000000
2097.520000 3055.010000 3.000000
2106.360000 3062.330000 3.000000
2108.930000 3078.810000 3.000000
2124.040000 3077.790000 3.000000
2139.760000 3084.030000 3.000000
2145.170000 3096.190000 3.000000
2157.570000 3099.550000 3.000000
2168.310000 3101.920000 3.000000
2180.020000 3102.000000 3.000000
2195.750000 3102.000000 3.000000
2211.430000 3102.000000 3.000000
2227.100000 3102.000000 3.000000
2242.770000 3102.000000 3.000000
2258.430000 3100.000000 3.000000
2274.110000 3100.000000 3.000000
2289.780000 3100.000000 3.000000
2305.450000 3100.000000 3.000000
2321.120000 3100.000000 3.000000
2336.790000 3100.000000 3.000000
2352.470000 3100.000000 3.000000
2368.140000 3100.000000 3.000000
2383.810000 3100.000000 3.000000
2399.480000 3100.000000 3.000000
2415.150000 3100.000000 3.000000
2430.820000 3100.000000 3.000000
2446.490000 3100.000000 3.000000
2462.160000 3100.000000 3.000000
2477.840000 3100.000000 3.000000
2493.510000 3100.000000 3.000000
2509.180000 3100.000000 3.000000
2524.850000 3100.000000 3.000000
2540.520000 3100.000000 3.000000
2556.190000 3100.000000 3.000000
2571.860000 3100.000000 3.000000
2587.530000 3100.000000 3.000000
2603.210000 3100.000000 3.000000
2618.880000 3100.000000 3.000000
2634.550000 3100.000000 3.000000
2650.220000 3100.000000 3.000000
2665.890000 3100.000000 3.000000
2681.570000 3100.000000 3.000000
2697.230000 3102.000000 3.000000
2712.900000 3102.000000 3.000000
2728.570000 3102.000000 3.000000
2744.250000 3102.000000 3.000000
2759.960000 3102.000000 3.000000
2770.000000 3102.000000 3.000000
2780.000000 3102.000000 3.000000
2790.000000 3102.000000 3.000000
2800.020000 3102.000000 3.000000
2811.920000 3101.890000 3.000000
2821.000000 3098.230000 3.000000
2835.600000 3095.450000 3.000000
2839.560000 3087.500000 3.000000
2842.980000 3078.930000 3.000000
2855.980000 3074.990000 3.000000
2857.090000 3053.220000 3.000000
2863.320000 3047.320000 3.000000
2864.070000 3041.890000 3.000000
2871.160000 3038.710000 3.000000
2881.260000 3041.480000 3.000000
2891.890000 3045.330000 3.000000
2896.110000 3035.620000 3.000000
2899.480000 3025.260000 3.000000
2903.070000 3023.770000 3.000000
2920.430000 3019.130000 3.000000
2921.000000 3004.060000 3.000000
2932.050000 2997.310000 3.000000
2946.560000 3007.100000 3.000000
2956.220000 2995.320000 3.000000
2961.150000 2988.680000 3.000000
2976.190000 2976.250000 3.000000
2986.470000 2969.060000 3.000000
2980.180000 2953.120000 3.000000
2985.440000 2942.250000 3.000000
2999.990000 2939.610000 3.000000
3001.170000 2923.830000 3.000000
3022.710000 2903.430000 3.000000
3035.800000 2902.590000 3.000000
3045.890000 2900.260000 3.000000
3055.850000 2901.070000 3.000000
3075.560000 2895.550000 3.000000
3077.610000 2887.670000 3.000000
3078.550000 2879.170000 3.000000
3084.400000 2872.470000 3.000000
3098.490000 2871.460000 3.000000
3099.960000 2855.690000 3.000000
3098.970000 2846.540000 3.000000
3095.180000 2835.900000 3.000000
3097.650000 2838.540000 3.000000
3115.240000 2835.850000 3.000000
3119.750000 2824.510000 3.000000
3129.340000 2811.980000 3.000000
3139.930000 2809.280000 3.000000
3135.570000 2796.730000 3.000000
3131.700000 2789.610000 3.000000
3140.110000 2776.070000 3.000000
3154.180000 2776.780000 3.000000
3156.850000 2769.140000 3.000000
3158.150000 2761.110000 3.000000
3161.950000 2751.370000 3.000000
3159.410000 2742.510000 3.000000
3165.140000 2734.690000 3.000000
3180.400000 2728.240000 3.000000
3176.960000 2718.180000 3.000000
3172.390000 2710.330000 3.000000
3178.350000 2699.970000 3.000000
3187.070000 2693.500000 3.000000
3200.700000 2687.410000 3.000000
3192.010000 2669.770000 3.000000
3201.710000 2652.850000 3.000000
3202.000000 2640.040000 3.000000
3201.980000 2629.320000 3.000000
3199.210000 2621.050000 3.000000
3200.430000 2612.780000 3.000000
3198.380000 2603.850000 3.000000
3190.900000 2590.450000 3.000000
3200.830000 2586.970000 3.000000
3195.630000 2577.160000 3.000000
3190.810000 2570.720000 3.000000
3200.950000 2566.580000 3.000000
3194.790000 2554.640000 3.000000
3195.410000 2544.880000 3.000000
3195.050000 2535.470000 3.000000
3192.210000 2527.290000 3.000000
3186.960000 2516.020000 3.000000
3175.790000 2505.930000 3.000000
3172.510000 2491.180000 3.000000
3167.150000 2483.700000 3.000000
3158.610000 2474.890000 3.000000
3150.650000 2470.800000 3.000000
3143.200000 2467.000000 3.000000
3129.840000 2460.320000 3.000000
3116.500000 2453.660000 3.000000
3103.170000 2446.990000 3.000000
3089.840000 2440.320000 3.000000
3076.510000 2433.660000 3.000000
3063.070000 2426.940000 3.000000
3052.870000 2422.160000 3.000000
3045.640000 2414.530000 3.000000
3035.560000 2404.440000 3.000000
3025.560000 2394.440000 3.000000
3015.560000 2384.440000 3.000000
3005.550000 2374.440000 3.000000
2994.660000 2363.600000 3.000000
2982.630000 2353.930000 3.000000
2971.510000 2345.030000 3.000000
2960.400000 2336.150000 3.000000
2949.300000 2327.260000 3.000000
2938.190000 2318.380000 3.000000
2927.080000 2309.490000 3.000000
2915.980000 2300.610000 3.000000
2904.860000 2291.710000 3.000000
2894.680000 2283.610000 3.000000
2885.570000 2274.450000 3.000000
2875.560000 2264.440000 3.000000
2865.560000 2254.440000 3.000000
2855.560000 2244.440000 3.000000
2845.470000 2234.360000 3.000000
2831.760000 2221.520000 3.000000
2812.050000 2219.600000 3.000000
2795.690000 2223.300000 3.000000
2784.500000 2213.630000 3.000000
2776.810000 2206.440000 3.000000
2769.780000 2198.940000 3.000000
2763.150000 2192.440000 3.000000
2754.770000 2186.650000 3.000000
2748.010000 2182.070000 3.000000
2735.960000 2174.040000 3.000000
2723.970000 2166.050000 3.000000
2711.110000 2157.500000 3.000000
2702.710000 2152.350000 3.000000
2690.660000 2145.610000 3.000000
2671.390000 2141.150000 3.000000
2663.850000 2134.760000 3.000000
2653.710000 2126.710000 3.000000
2645.580000 2125.920000 3.000000
2637.470000 2124.940000 3.000000
2571.170000 3110.000000 4.000000
2571.170000 3110.000000 4.000000
2594.310000 3106.330000 4.000000
2607.390000 3114.980000 4.000000
2616.810000 3105.920000 4.000000
2633.360000 3115.560000 4.000000
2645.830000 3111.470000 4.000000
2664.230000 3106.610000 4.000000
2668.530000 3095.040000 4.000000
2692.640000 3089.610000 4.000000
2704.260000 3086.580000 4.000000
2708.660000 3074.920000 4.000000
2723.190000 3070.980000 4.000000
2732.550000 3069.660000 4.000000
2743.970000 3066.830000 4.000000
2749.930000 3053.330000 4.000000
2764.130000 3051.760000 4.000000
2772.720000 3049.600000 4.000000
2783.450000 3047.230000 4.000000
2795.910000 3033.440000 4.000000
2804.670000 3031.770000 4.000000
2825.080000 3025.820000 4.000000
2835.340000 3014.250000 4.000000
2843.410000 3010.790000 4.000000
2852.540000 3009.660000 4.000000
2864.470000 3006.280000 4.000000
2875.810000 2990.120000 4.000000
2886.630000 2983.890000 4.000000
2887.410000 2975.500000 4.000000
2895.430000 2975.430000 4.000000
2905.260000 2971.540000 4.000000
2913.240000 2969.200000 4.000000
2925.230000 2965.530000 4.000000
2930.450000 2957.880000 4.000000
2934.980000 2949.440000 4.000000
2944.890000 2945.890000 4.000000
2948.110000 2933.320000 4.000000
2951.580000 2925.080000 4.000000
2955.700000 2914.050000 4.000000
2964.060000 2906.670000 4.000000
2971.240000 2891.440000 4.000000
2976.360000 2883.580000 4.000000
2988.610000 2864.990000 4.000000
3001.830000 2846.540000 4.000000
2995.820000 2832.030000 4.000000
3007.500000 2823.130000 4.000000
3008.800000 2810.180000 4.000000
3023.080000 2807.510000 4.000000
3029.200000 2797.290000 4.000000
3033.880000 2784.750000 4.000000
3053.500000 2773.150000 4.000000
3049.940000 2759.220000 4.000000
3051.860000 2751.020000 4.000000
3053.600000 2741.520000 4.000000
3058.090000 2730.790000 4.000000
3057.380000 2715.350000 4.000000
3064.410000 2708.820000 4.000000
3078.470000 2693.180000 4.000000
3087.490000 2686.040000 4.000000
3092.280000 2673.980000 4.000000
3095.710000 2664.690000 4.000000
3109.000000 2644.350000 4.000000
3112.130000 2634.620000 4.000000
3115.790000 2625.020000 4.000000
3117.970000 2611.250000 4.000000
3115.330000 2600.390000 4.000000
3114.960000 2585.110000 4.000000
3104.440000 2571.320000 4.000000
3117.910000 2571.940000 4.000000
3150.750000 2554.140000 4.000000
3156.800000 2517.140000 4.000000
3148.090000 2506.210000 4.000000
3140.120000 2498.240000 4.000000
3127.570000 2494.490000 4.000000
3115.200000 2490.440000 4.000000
3086.780000 2496.430000 4.000000
3083.480000 2485.300000 4.000000
3079.980000 2476.760000 4.000000
3075.960000 2467.140000 4.000000
3066.770000 2458.490000 4.000000
3059.610000 2452.020000 4.000000
3047.470000 2441.500000 4.000000
3035.480000 2431.110000 4.000000
3023.490000 2420.720000 4.000000
3011.500000 2410.330000 4.000000
2999.510000 2399.940000 4.000000
2987.520000 2389.550000 4.000000
2975.540000 2379.160000 4.000000
2963.550000 2368.770000 4.000000
2951.560000 2358.380000 4.000000
2939.570000 2347.990000 4.000000
2927.580000 2337.600000 4.000000
2915.600000 2327.210000 4.000000
2903.610000 2316.820000 4.000000
2891.620000 2306.430000 4.000000
2879.630000 2296.040000 4.000000
2867.640000 2285.650000 4.000000
2855.650000 2275.260000 4.000000
2843.660000 2264.870000 4.000000
2831.670000 2254.480000 4.000000
2819.680000 2244.090000 4.000000
2820.980000 2226.900000 4.000000
2820.110000 2216.860000 4.000000
2817.090000 2206.260000 4.000000
2801.870000 2193.900000 4.000000
2790.330000 2185.250000 4.000000
2778.910000 2176.680000 4.000000
2767.490000 2168.120000 4.000000
2756.070000 2159.550000 4.000000
2744.620000 2150.970000 4.000000
2731.570000 2141.290000 4.000000
2724.050000 2137.480000 4.000000
2716.530000 2133.670000 4.000000
2703.180000 2126.990000 4.000000
2689.840000 2120.320000 4.000000
2676.300000 2113.560000 4.000000
2667.100000 2109.460000 4.000000
2656.310000 2105.060000 4.000000
2640.650000 2113.780000 4.000000
2624.950000 2124.010000 4.000000
2608.210000 2124.000000 4.000000
2592.440000 2124.000000 4.000000
2576.680000 2124.000000 4.000000
2560.920000 2124.000000 4.000000
2545.160000 2124.000000 4.000000
2529.400000 2124.000000 4.000000
2513.640000 2124.000000 4.000000
2497.880000 2124.000000 4.000000
2482.120000 2124.000000 4.000000
2466.360000 2124.000000 4.000000
2450.600000 2124.000000 4.000000
2434.840000 2124.000000 4.000000
2419.080000 2124.000000 4.000000
2403.320000 2124.000000 4.000000
2387.560000 2124.000000 4.000000
2371.790000 2124.000000 4.000000
2355.420000 2124.000000 4.000000
2329.880000 2125.450000 4.000000
2315.810000 2133.060000 4.000000
2308.330000 2137.850000 4.000000
2296.020000 2146.050000 4.000000
2284.040000 2154.040000 4.000000
2272.040000 2162.040000 4.000000
2258.630000 2171.030000 4.000000
2246.010000 2181.390000 4.000000
2233.920000 2191.260000 4.000000
2198.920000 2186.550000 4.000000
2190.360000 2194.790000 4.000000
2181.980000 2198.570000 4.000000
2175.940000 2204.520000 4.000000
2170.220000 2210.190000 4.000000
2161.100000 2219.340000 4.000000
2150.050000 2228.510000 4.000000
2138.050000 2238.510000 4.000000
2126.060000 2248.500000 4.000000
2114.070000 2258.500000 4.000000
2102.070000 2268.490000 4.000000
2090.080000 2278.480000 4.000000
2078.090000 2288.470000 4.000000
2066.100000 2298.470000 4.000000
2054.110000 2308.460000 4.000000
2042.300000 2318.300000 4.000000
2031.380000 2327.040000 4.000000
2020.280000 2335.920000 4.000000
2009.170000 2344.810000 4.000000
1998.060000 2353.690000 4.000000
1986.960000 2362.580000 4.000000
1975.850000 2371.460000 4.000000
1964.740000 2380.350000 4.000000
1953.620000 2389.250000 4.000000
1941.310000 2399.150000 4.000000
1935.190000 2405.290000 4.000000
1928.330000 2412.470000 4.000000
1923.330000 2431.170000 4.000000
1914.090000 2454.260000 4.000000
1907.810000 2459.440000 4.000000
1901.540000 2464.630000 4.000000
1895.220000 2469.800000 4.000000
1888.630000 2475.330000 4.000000
1881.870000 2480.990000 4.000000
1874.650000 2487.230000 4.000000
1864.620000 2498.710000 4.000000
1866.590000 2510.320000 4.000000
1867.320000 2518.520000 4.000000
1864.060000 2529.090000 4.000000
1866.160000 2537.600000 4.000000
1866.830000 2545.900000 4.000000
1871.030000 2553.380000 4.000000
1876.190000 2566.910000 4.000000
1887.930000 2565.870000 4.000000
1884.200000 2573.260000 4.000000
1887.430000 2582.110000 4.000000
1888.350000 2598.670000 4.000000
1884.980000 2606.720000 4.000000
1891.860000 2615.370000 4.000000
1898.510000 2624.750000 4.000000
1904.450000 2634.440000 4.000000
1906.300000 2644.790000 4.000000
1908.330000 2652.890000 4.000000
1913.260000 2664.080000 4.000000
1925.020000 2668.610000 4.000000
1927.040000 2683.570000 4.000000
1928.360000 2693.010000 4.000000
1933.260000 2704.080000 4.000000
1945.020000 2708.610000 4.000000
1947.040000 2723.570000 4.000000
1948.360000 2733.010000 4.000000
1953.260000 2744.080000 4.000000
1965.040000 2748.640000 4.000000
1966.620000 2765.780000 4.000000
1970.850000 2773.260000 4.000000
1975.410000 2786.270000 4.000000
1984.550000 2794.630000 4.000000
1987.050000 2806.760000 4.000000
1991.560000 2814.280000 4.000000
1997.100000 2827.730000 4.000000
2009.960000 2828.540000 4.000000
2010.600000 2840.460000 4.000000
2021.050000 2848.650000 4.000000
2029.870000 2853.060000 4.000000
2031.720000 2862.010000 4.000000
2040.690000 2867.850000 4.000000
2044.810000 2875.580000 4.000000
2047.040000 2886.740000 4.000000
2051.560000 2894.280000 4.000000
2057.110000 2907.740000 4.000000
2070.420000 2909.000000 4.000000
2075.710000 2926.540000 4.000000
2089.740000 2928.740000 4.000000
2093.420000 2944.190000 4.000000
2103.400000 2947.960000 4.000000
2111.570000 2950.470000 4.000000
2111.910000 2962.430000 4.000000
2122.720000 2967.350000 4.000000
2133.220000 2972.920000 4.000000
2142.190000 2977.400000 4.000000
2151.220000 2981.190000 4.000000
2158.410000 2985.070000 4.000000
2165.560000 2989.010000 4.000000
2178.190000 3008.460000 4.000000
2191.610000 3010.160000 4.000000
2191.580000 3021.980000 4.000000
2206.540000 3029.700000 4.000000
2211.440000 3037.390000 4.000000
2217.600000 3044.630000 4.000000
2228.410000 3054.030000 4.000000
2251.610000 3050.380000 4.000000
2252.010000 3062.570000 4.000000
2263.260000 3067.790000 4.000000
2273.830000 3073.120000 4.000000
2291.790000 3073.610000 4.000000
2295.400000 3086.160000 4.000000
2304.920000 3090.410000 4.000000
2315.230000 3093.850000 4.000000
2323.740000 3112.070000 4.000000
2353.530000 3109.990000 4.000000
2368.940000 3110.000000 4.000000
2384.490000 3110.000000 4.000000
2400.040000 3110.000000 4.000000
2415.580000 3110.000000 4.000000
2431.130000 3110.000000 4.000000
2446.680000 3110.000000 4.000000
2462.230000 3110.000000 4.000000
2477.770000 3110.000000 4.000000
2493.320000 3110.000000 4.000000
2508.870000 3110.000000 4.000000
2524.420000 3110.000000 4.000000
2539.960000 3110.000000 4.000000
2555.510000 3110.000000 4.000000
2571.170000 3110.000000 4.000000
1971.420000 2866.470000 5.000000
1971.420000 2866.470000 5.000000
1982.240000 2866.220000 5.000000
1993.100000 2865.910000 5.000000
1993.600000 2881.330000 5.000000
2002.650000 2886.180000 5.000000
2015.510000 2890.220000 5.000000
2007.190000 2906.630000 5.000000
2012.180000 2915.360000 5.000000
2017.270000 2922.590000 5.000000
2025.500000 2933.070000 5.000000
2010.960000 2946.020000 5.000000
2021.340000 2958.190000 5.000000
2033.210000 2971.880000 5.000000
2039.660000 2981.960000 5.000000
2049.590000 2987.550000 5.000000
2060.230000 2995.750000 5.000000
2069.370000 3008.010000 5.000000
2084.780000 3004.850000 5.000000
2095.600000 3001.840000 5.000000
2097.200000 3019.420000 5.000000
2108.940000 3024.160000 5.000000
2117.740000 3040.060000 5.000000
2136.180000 3046.340000 5.000000
2136.520000 3058.550000 5.000000
2147.920000 3064.250000 5.000000
2155.940000 3067.710000 5.000000
2167.800000 3069.900000 5.000000
2179.110000 3081.510000 5.000000
2190.310000 3085.000000 5.000000
2194.350000 3092.180000 5.000000
2200.100000 3099.170000 5.000000
2210.980000 3108.480000 5.000000
2226.180000 3103.060000 5.000000
2229.850000 3100.030000 5.000000
2244.990000 3109.410000 5.000000
2259.900000 3110.000000 5.000000
2274.650000 3109.920000 5.000000
2286.790000 3113.820000 5.000000
2299.980000 3114.000000 5.000000
2315.550000 3114.000000 5.000000
2330.990000 3114.000000 5.000000
2346.440000 3114.000000 5.000000
2361.880000 3112.000000 5.000000
2377.100000 3111.990000 5.000000
2400.000000 3116.000000 5.000000
2410.000000 3116.000000 5.000000
2424.440000 3111.920000 5.000000
2439.110000 3112.000000 5.000000
2454.550000 3112.000000 5.000000
2470.000000 3112.000000 5.000000
2485.450000 3112.000000 5.000000
2500.890000 3112.000000 5.000000
2516.340000 3112.000000 5.000000
2531.780000 3112.000000 5.000000
2547.230000 3112.000000 5.000000
2562.670000 3112.000000 5.000000
2578.120000 3112.000000 5.000000
2593.560000 3114.000000 5.000000
2609.010000 3114.000000 5.000000
2624.450000 3114.000000 5.000000
2639.950000 3114.000000 5.000000
2650.000000 3114.000000 5.000000
2660.090000 3114.000000 5.000000
2673.630000 3113.770000 5.000000
2684.240000 3109.720000 5.000000
2702.760000 3105.240000 5.000000
2707.210000 3093.530000 5.000000
2724.600000 3089.570000 5.000000
2732.600000 3087.360000 5.000000
2743.850000 3084.230000 5.000000
2746.760000 3073.480000 5.000000
2764.580000 3069.570000 5.000000
2772.530000 3067.410000 5.000000
2783.570000 3064.490000 5.000000
2789.070000 3050.710000 5.000000
2809.950000 3032.600000 5.000000
2784.580000 3018.080000 5.000000
2805.210000 3053.030000 5.000000
2814.510000 3043.890000 5.000000
2821.270000 3038.070000 5.000000
2827.970000 3026.340000 5.000000
2840.300000 3027.310000 5.000000
2854.650000 3030.670000 5.000000
2861.120000 3018.990000 5.000000
2866.080000 3008.900000 5.000000
2881.610000 3006.210000 5.000000
2888.650000 2987.210000 5.000000
2902.070000 2985.680000 5.000000
2908.900000 2971.700000 5.000000
2911.790000 2966.220000 5.000000
2930.020000 2972.430000 5.000000
2935.860000 2963.470000 5.000000
2941.870000 2954.620000 5.000000
2952.950000 2937.230000 5.000000
2953.470000 2924.780000 5.000000
2963.760000 2924.180000 5.000000
2967.260000 2914.500000 5.000000
2969.480000 2906.690000 5.000000
2981.510000 2906.250000 5.000000
2987.580000 2897.590000 5.000000
2991.890000 2889.120000 5.000000
3003.220000 2884.780000 5.000000
3009.460000 2871.090000 5.000000
3014.360000 2863.830000 5.000000
3021.580000 2858.620000 5.000000
3031.580000 2852.280000 5.000000
3025.940000 2845.350000 5.000000
3020.630000 2839.170000 5.000000
3022.370000 2846.280000 5.000000
3079.640000 2822.640000 5.000000
3091.010000 2807.290000 5.000000
3102.230000 2800.010000 5.000000
3107.860000 2783.510000 5.000000
3109.620000 2773.470000 5.000000
3115.140000 2767.530000 5.000000
3120.660000 2761.590000 5.000000
3130.980000 2747.630000 5.000000
3142.590000 2739.590000 5.000000
3147.910000 2723.320000 5.000000
3149.930000 2711.340000 5.000000
3144.320000 2697.330000 5.000000
3152.770000 2697.270000 5.000000
3166.690000 2693.580000 5.000000
3164.990000 2682.430000 5.000000
3163.060000 2674.530000 5.000000
3169.400000 2655.020000 5.000000
3170.000000 2640.170000 5.000000
3170.000000 2630.000000 5.000000
3170.000000 2619.990000 5.000000
3169.950000 2608.540000 5.000000
3169.140000 2599.800000 5.000000
3167.580000 2589.780000 5.000000
3158.540000 2570.410000 5.000000
3150.050000 2561.610000 5.000000
3143.490000 2552.440000 5.000000
3143.830000 2526.670000 5.000000
3137.380000 2510.820000 5.000000
3141.190000 2497.690000 5.000000
3144.290000 2482.540000 5.000000
3116.110000 2478.580000 5.000000
3094.070000 2477.680000 5.000000
3072.960000 2477.390000 5.000000
3051.860000 2478.770000 5.000000
2969.250000 2477.840000 5.000000
2928.370000 2477.730000 5.000000
2887.510000 2477.600000 5.000000
2867.090000 2477.530000 5.000000
2846.670000 2477.440000 5.000000
2836.460000 2477.390000 5.000000
2826.250000 2477.330000 5.000000
2805.820000 2476.870000 5.000000
2480.620000 2475.750000 5.000000
1821.360000 2476.560000 5.000000
1816.250000 2487.240000 5.000000
1812.700000 2495.290000 5.000000
1810.170000 2507.090000 5.000000
1810.000000 2520.020000 5.000000
1810.260000 2533.470000 5.000000
1813.470000 2546.400000 5.000000
1819.170000 2556.330000 5.000000
1811.660000 2569.600000 5.000000
1819.690000 2574.620000 5.000000
1827.310000 2580.710000 5.000000
1834.500000 2584.930000 5.000000
1842.750000 2588.910000 5.000000
1837.570000 2596.040000 5.000000
1831.180000 2607.780000 5.000000
1843.250000 2619.640000 5.000000
1853.420000 2622.040000 5.000000
1850.090000 2632.060000 5.000000
1852.870000 2645.130000 5.000000
1858.390000 2655.340000 5.000000
1851.040000 2667.250000 5.000000
1861.710000 2677.880000 5.000000
1868.710000 2683.420000 5.000000
1875.040000 2689.710000 5.000000
1871.120000 2707.580000 5.000000
1881.710000 2717.880000 5.000000
1888.720000 2723.420000 5.000000
1895.050000 2729.740000 5.000000
1891.650000 2749.610000 5.000000
1901.240000 2755.680000 5.000000
1910.080000 2762.820000 5.000000
1918.580000 2776.050000 5.000000
1911.460000 2788.960000 5.000000
1921.790000 2797.060000 5.000000
1930.030000 2802.810000 5.000000
1938.580000 2816.050000 5.000000
1931.460000 2828.960000 5.000000
1941.810000 2837.070000 5.000000
1949.500000 2842.550000 5.000000
1952.460000 2850.800000 5.000000
1956.520000 2858.410000 5.000000
1971.420000 2866.470000 5.000000
1973.410000 2853.560000 6.000000
1973.410000 2853.560000 6.000000
1973.990000 2872.330000 6.000000
1974.110000 2891.180000 6.000000
1978.240000 2900.510000 6.000000
1988.460000 2906.820000 6.000000
1993.110000 2913.490000 6.000000
2001.690000 2923.470000 6.000000
2015.870000 2924.680000 6.000000
2025.180000 2927.380000 6.000000
2033.730000 2931.170000 6.000000
2038.110000 2945.980000 6.000000
2053.040000 2945.950000 6.000000
2056.420000 2964.490000 6.000000
2071.950000 2966.940000 6.000000
2074.020000 2981.900000 6.000000
2092.640000 2993.310000 6.000000
2098.340000 3000.340000 6.000000
2109.140000 3012.130000 6.000000
2119.770000 3009.850000 6.000000
2131.280000 3006.290000 6.000000
2134.650000 3022.530000 6.000000
2149.100000 3029.940000 6.000000
2156.890000 3044.870000 6.000000
2171.900000 3047.090000 6.000000
2174.150000 3062.060000 6.000000
2184.280000 3066.270000 6.000000
2194.810000 3069.250000 6.000000
2207.080000 3073.850000 6.000000
2220.930000 3081.600000 6.000000
2228.770000 3092.070000 6.000000
2240.200000 3089.390000 6.000000
2251.630000 3086.710000 6.000000
2256.660000 3104.710000 6.000000
2290.810000 3109.990000 6.000000
2306.750000 3110.000000 6.000000
2322.300000 3110.000000 6.000000
2351.540000 3113.560000 6.000000
2366.490000 3115.790000 6.000000
2379.890000 3116.000000 6.000000
2420.000000 3116.000000 6.000000
2430.000000 3116.000000 6.000000
2440.000000 3116.000000 6.000000
2450.000000 3116.000000 6.000000
2460.000000 3116.000000 6.000000
2470.000000 3116.000000 6.000000
2480.000000 3116.000000 6.000000
2490.000000 3116.000000 6.000000
2500.000000 3116.000000 6.000000
2510.000000 3116.000000 6.000000
2520.000000 3116.000000 6.000000
2530.000000 3116.000000 6.000000
2540.000000 3116.000000 6.000000
2550.000000 3116.000000 6.000000
2560.140000 3116.000000 6.000000
2574.660000 3115.620000 6.000000
2590.150000 3111.330000 6.000000
2602.150000 3110.000000 6.000000
2617.700000 3110.000000 6.000000
2633.250000 3110.000000 6.000000
2648.800000 3110.000000 6.000000
2664.350000 3110.000000 6.000000
2679.950000 3110.000000 6.000000
2690.000000 3110.000000 6.000000
2700.080000 3110.000000 6.000000
2713.480000 3109.740000 6.000000
2727.050000 3106.190000 6.000000
2735.030000 3100.360000 6.000000
2748.790000 3108.570000 6.000000
2757.040000 3098.230000 6.000000
2762.810000 3089.980000 6.000000
2776.040000 3081.410000 6.000000
2788.820000 3088.570000 6.000000
2794.900000 3080.570000 6.000000
2800.550000 3074.420000 6.000000
2807.960000 3067.650000 6.000000
2815.420000 3064.350000 6.000000
2821.860000 3060.370000 6.000000
2822.170000 3046.260000 6.000000
2831.990000 3049.910000 6.000000
2843.620000 3047.910000 6.000000
2851.640000 3045.650000 6.000000
2861.440000 3040.990000 6.000000
2863.770000 3030.960000 6.000000
2873.430000 3029.720000 6.000000
2882.220000 3026.990000 6.000000
2891.450000 3025.810000 6.000000
2900.660000 3021.650000 6.000000
2909.330000 3006.650000 6.000000
2919.810000 3002.450000 6.000000
2925.160000 2993.830000 6.000000
2935.040000 2989.290000 6.000000
2943.580000 2987.920000 6.000000
2951.330000 2985.870000 6.000000
2960.880000 2981.540000 6.000000
2967.970000 2963.400000 6.000000
2969.800000 2952.850000 6.000000
2971.100000 2943.640000 6.000000
2980.260000 2941.960000 6.000000
2992.720000 2927.540000 6.000000
2999.610000 2922.650000 6.000000
3007.250000 2910.450000 6.000000
3015.420000 2904.300000 6.000000
3023.760000 2897.410000 6.000000
3033.830000 2886.220000 6.000000
3041.440000 2880.940000 6.000000
3046.580000 2872.920000 6.000000
3053.160000 2867.810000 6.000000
3063.070000 2858.910000 6.000000
3067.910000 2843.320000 6.000000
3069.890000 2832.390000 6.000000
3070.090000 2818.180000 6.000000
3069.900000 2803.920000 6.000000
3073.900000 2792.250000 6.000000
3071.020000 2781.000000 6.000000
3091.570000 2772.530000 6.000000
3088.690000 2759.910000 6.000000
3088.570000 2751.260000 6.000000
3091.380000 2744.380000 6.000000
3110.930000 2734.000000 6.000000
3109.430000 2723.900000 6.000000
3107.930000 2713.800000 6.000000
3110.780000 2706.150000 6.000000
3122.880000 2705.120000 6.000000
3125.290000 2694.600000 6.000000
3128.930000 2687.590000 6.000000
3152.470000 2669.950000 6.000000
3149.580000 2660.360000 6.000000
3148.010000 2644.690000 6.000000
3153.680000 2634.140000 6.000000
3154.000000 2620.100000 6.000000
3153.940000 2608.260000 6.000000
3150.920000 2598.140000 6.000000
3148.190000 2590.590000 6.000000
3146.080000 2582.790000 6.000000
3141.290000 2574.460000 6.000000
3166.650000 2573.250000 6.000000
3164.560000 2551.820000 6.000000
3160.810000 2541.420000 6.000000
3155.220000 2533.630000 6.000000
3148.060000 2526.290000 6.000000
3131.270000 2525.090000 6.000000
3123.380000 2527.690000 6.000000
3112.570000 2523.930000 6.000000
3118.380000 2516.720000 6.000000
3129.370000 2488.150000 6.000000
3114.300000 2487.590000 6.000000
3102.550000 2486.480000 6.000000
3091.590000 2486.060000 6.000000
3080.680000 2485.210000 6.000000
3038.610000 2483.200000 6.000000
2957.940000 2483.650000 6.000000
2947.960000 2483.580000 6.000000
2938.000000 2483.500000 6.000000
2918.070000 2483.330000 6.000000
2908.110000 2483.260000 6.000000
2898.150000 2483.180000 6.000000
2878.240000 2482.940000 6.000000
2798.560000 2481.550000 6.000000
2481.620000 2480.300000 6.000000
2323.140000 2478.910000 6.000000
2164.650000 2475.790000 6.000000
1839.340000 2473.090000 6.000000
1833.960000 2487.040000 6.000000
1830.460000 2495.200000 6.000000
1826.190000 2506.680000 6.000000
1826.000000 2520.000000 6.000000
1826.230000 2533.590000 6.000000
1830.500000 2544.600000 6.000000
1832.490000 2552.450000 6.000000
1834.580000 2562.540000 6.000000
1848.260000 2568.700000 6.000000
1852.040000 2588.030000 6.000000
1855.710000 2596.000000 6.000000
1847.200000 2608.440000 6.000000
1855.670000 2613.790000 6.000000
1861.160000 2620.180000 6.000000
1864.290000 2627.630000 6.000000
1866.650000 2635.370000 6.000000
1871.030000 2643.100000 6.000000
1872.210000 2651.950000 6.000000
1874.750000 2662.740000 6.000000
1886.560000 2667.340000 6.000000
1890.940000 2682.680000 6.000000
1892.210000 2691.940000 6.000000
1894.750000 2702.740000 6.000000
1906.590000 2707.370000 6.000000
1912.310000 2732.080000 6.000000
1914.900000 2742.910000 6.000000
1926.630000 2747.400000 6.000000
1930.430000 2764.600000 6.000000
1932.640000 2772.600000 6.000000
1935.770000 2783.850000 6.000000
1946.520000 2786.760000 6.000000
1950.430000 2804.600000 6.000000
1952.640000 2812.600000 6.000000
1955.770000 2823.850000 6.000000
1966.520000 2826.760000 6.000000
1970.830000 2845.430000 6.000000
1973.410000 2853.560000 6.000000
1780.000000 2500.000000 7.000000
1780.000000 2500.000000 7.000000
1780.000000 2510.000000 7.000000
1780.000000 2520.000000 7.000000
1780.000000 2530.000000 7.000000
1780.000000 2540.000000 7.000000
1790.000000 2540.000000 7.000000
1800.000000 2540.000000 7.000000
1790.000000 2550.000000 7.000000
1780.000000 2560.000000 7.000000
1790.000000 2560.000000 7.000000
1800.000000 2560.000000 7.000000
1800.000000 2570.000000 7.000000
1800.000000 2580.000000 7.000000
1810.000000 2580.000000 7.000000
1820.000000 2580.000000 7.000000
1810.000000 2590.000000 7.000000
1800.000000 2600.000000 7.000000
1810.000000 2600.000000 7.000000
1820.000000 2600.000000 7.000000
1820.000000 2610.000000 7.000000
1820.000000 2620.000000 7.000000
1820.000000 2630.000000 7.000000
1820.000000 2640.000000 7.000000
1830.000000 2640.000000 7.000000
1840.000000 2640.000000 7.000000
1830.000000 2650.000000 7.000000
1820.000000 2660.000000 7.000000
1830.000000 2660.000000 7.000000
1840.000000 2660.000000 7.000000
1840.000000 2670.000000 7.000000
1840.000000 2680.000000 7.000000
1840.000000 2690.000000 7.000000
1840.000000 2700.000000 7.000000
1850.000000 2700.000000 7.000000
1860.000000 2700.000000 7.000000
1850.000000 2710.000000 7.000000
1840.000000 2720.000000 7.000000
1850.000000 2720.000000 7.000000
1860.000000 2720.000000 7.000000
1860.000000 2730.000000 7.000000
1860.000000 2740.000000 7.000000
1870.000000 2740.000000 7.000000
1880.000000 2740.000000 7.000000
1870.000000 2750.000000 7.000000
1860.000000 2760.000000 7.000000
1870.000000 2760.000000 7.000000
1880.000000 2760.000000 7.000000
1880.000000 2770.000000 7.000000
1880.000000 2780.000000 7.000000
1880.000000 2790.000000 7.000000
1880.000000 2800.000000 7.000000
1890.000000 2800.000000 7.000000
1900.000000 2800.000000 7.000000
1910.000000 2800.000000 7.000000
1920.000000 2800.000000 7.000000
1910.000000 2810.000000 7.000000
1900.000000 2820.000000 7.000000
1910.000000 2820.000000 7.000000
1920.000000 2820.000000 7.000000
1920.000000 2830.000000 7.000000
1920.000000 2840.000000 7.000000
1930.000000 2840.000000 7.000000
1940.000000 2840.000000 7.000000
1930.000000 2850.000000 7.000000
1920.000000 2860.000000 7.000000
1930.000000 2860.000000 7.000000
1940.000000 2860.000000 7.000000
1940.000000 2870.000000 7.000000
1940.000000 2880.000000 7.000000
1950.000000 2880.000000 7.000000
1960.000000 2880.000000 7.000000
1950.000000 2890.000000 7.000000
1940.000000 2900.000000 7.000000
1950.000000 2900.000000 7.000000
1960.000000 2900.000000 7.000000
1960.000000 2910.000000 7.000000
1960.000000 2920.000000 7.000000
1970.000000 2920.000000 7.000000
1980.000000 2920.000000 7.000000
1970.000000 2930.000000 7.000000
1960.000000 2940.000000 7.000000
1970.000000 2940.000000 7.000000
1980.000000 2940.000000 7.000000
1980.000000 2950.000000 7.000000
1980.000000 2960.000000 7.000000
1990.000000 2960.000000 7.000000
2000.000000 2960.000000 7.000000
2000.000000 2970.000000 7.000000
2000.000000 2980.000000 7.000000
2010.000000 2980.000000 7.000000
2020.000000 2980.000000 7.000000
2020.000000 2990.000000 7.000000
2020.000000 3000.000000 7.000000
2030.000000 3000.000000 7.000000
2040.000000 3000.000000 7.000000
2040.000000 3010.000000 7.000000
2040.000000 3020.000000 7.000000
2050.000000 3020.000000 7.000000
2060.000000 3020.000000 7.000000
2060.000000 3030.000000 7.000000
2060.000000 3040.000000 7.000000
2070.000000 3040.000000 7.000000
2080.000000 3040.000000 7.000000
2080.000000 3050.000000 7.000000
2080.000000 3060.000000 7.000000
2090.000000 3050.000000 7.000000
2100.000000 3040.000000 7.000000
2100.000000 3050.000000 7.000000
2100.000000 3060.000000 7.000000
2110.000000 3060.000000 7.000000
2120.000000 3060.000000 7.000000
2120.000000 3070.000000 7.000000
2120.000000 3080.000000 7.000000
2130.000000 3070.000000 7.000000
2140.000000 3060.000000 7.000000
2140.000000 3070.000000 7.000000
2140.000000 3080.000000 7.000000
2150.000000 3080.000000 7.000000
2160.000000 3080.000000 7.000000
2170.000000 3080.000000 7.000000
2180.000000 3080.000000 7.000000
2195.900000 3080.000000 7.000000
2211.790000 3080.000000 7.000000
2227.690000 3080.000000 7.000000
2243.590000 3080.000000 7.000000
2259.490000 3080.000000 7.000000
2275.380000 3080.000000 7.000000
2291.280000 3080.000000 7.000000
2307.180000 3080.000000 7.000000
2323.080000 3080.000000 7.000000
2338.970000 3080.000000 7.000000
2354.870000 3080.000000 7.000000
2370.770000 3080.000000 7.000000
2386.670000 3080.000000 7.000000
2402.560000 3080.000000 7.000000
2418.460000 3080.000000 7.000000
2434.360000 3080.000000 7.000000
2450.260000 3080.000000 7.000000
2466.150000 3080.000000 7.000000
2482.050000 3080.000000 7.000000
2497.950000 3080.000000 7.000000
2513.850000 3080.000000 7.000000
2529.740000 3080.000000 7.000000
2545.640000 3080.000000 7.000000
2561.540000 3080.000000 7.000000
2577.440000 3080.000000 7.000000
2593.330000 3080.000000 7.000000
2609.230000 3080.000000 7.000000
2625.130000 3080.000000 7.000000
2641.030000 3080.000000 7.000000
2656.920000 3080.000000 7.000000
2672.820000 3080.000000 7.000000
2688.720000 3080.000000 7.000000
2704.620000 3080.000000 7.000000
2720.510000 3080.000000 7.000000
2736.410000 3080.000000 7.000000
2752.310000 3080.000000 7.000000
2768.210000 3080.000000 7.000000
2784.100000 3080.000000 7.000000
2800.000000 3080.000000 7.000000
2810.000000 3080.000000 7.000000
2820.000000 3080.000000 7.000000
2820.000000 3070.000000 7.000000
2820.000000 3060.000000 7.000000
2830.000000 3070.000000 7.000000
2840.000000 3080.000000 7.000000
2840.000000 3070.000000 7.000000
2840.000000 3060.000000 7.000000
2850.000000 3060.000000 7.000000
2860.000000 3060.000000 7.000000
2860.000000 3050.000000 7.000000
2860.000000 3040.000000 7.000000
2870.000000 3050.000000 7.000000
2880.000000 3060.000000 7.000000
2880.000000 3050.000000 7.000000
2880.000000 3040.000000 7.000000
2890.000000 3040.000000 7.000000
2900.000000 3040.000000 7.000000
2900.000000 3030.000000 7.000000
2900.000000 3020.000000 7.000000
2910.000000 3030.000000 7.000000
2920.000000 3040.000000 7.000000
2920.000000 3030.000000 7.000000
2920.000000 3020.000000 7.000000
2920.000000 3010.000000 7.000000
2920.000000 3000.000000 7.000000
2930.000000 3010.000000 7.000000
2940.000000 3020.000000 7.000000
2940.000000 3010.000000 7.000000
2940.000000 3000.000000 7.000000
2950.000000 3000.000000 7.000000
2960.000000 3000.000000 7.000000
2970.000000 3000.000000 7.000000
2980.000000 3000.000000 7.000000
2980.000000 2990.000000 7.000000
2980.000000 2980.000000 7.000000
2990.000000 2980.000000 7.000000
3000.000000 2980.000000 7.000000
2990.000000 2970.000000 7.000000
2980.000000 2960.000000 7.000000
2990.000000 2960.000000 7.000000
3000.000000 2960.000000 7.000000
3000.000000 2950.000000 7.000000
3000.000000 2940.000000 7.000000
3010.000000 2940.000000 7.000000
3020.000000 2940.000000 7.000000
3010.000000 2930.000000 7.000000
3000.000000 2920.000000 7.000000
3010.000000 2920.000000 7.000000
3020.000000 2920.000000 7.000000
3030.000000 2920.000000 7.000000
3040.000000 2920.000000 7.000000
3040.000000 2910.000000 7.000000
3040.000000 2900.000000 7.000000
3050.000000 2900.000000 7.000000
3060.000000 2900.000000 7.000000
3060.000000 2890.000000 7.000000
3060.000000 2880.000000 7.000000
3070.000000 2880.000000 7.000000
3080.000000 2880.000000 7.000000
3080.000000 2870.000000 7.000000
3080.000000 2860.000000 7.000000
3090.000000 2860.000000 7.000000
3100.000000 2860.000000 7.000000
3100.000000 2850.000000 7.000000
3100.000000 2840.000000 7.000000
3100.000000 2830.000000 7.000000
3100.000000 2820.000000 7.000000
3110.000000 2820.000000 7.000000
3120.000000 2820.000000 7.000000
3110.000000 2810.000000 7.000000
3100.000000 2800.000000 7.000000
3110.000000 2800.000000 7.000000
3120.000000 2800.000000 7.000000
3120.000000 2790.000000 7.000000
3120.000000 2780.000000 7.000000
3130.000000 2780.000000 7.000000
3140.000000 2780.000000 7.000000
3130.000000 2770.000000 7.000000
3120.000000 2760.000000 7.000000
3130.000000 2760.000000 7.000000
3140.000000 2760.000000 7.000000
3150.000000 2760.000000 7.000000
3160.000000 2760.000000 7.000000
3150.000000 2750.000000 7.000000
3140.000000 2740.000000 7.000000
3150.000000 2740.000000 7.000000
3160.000000 2740.000000 7.000000
3160.000000 2730.000000 7.000000
3160.000000 2720.000000 7.000000
3170.000000 2720.000000 7.000000
3180.000000 2720.000000 7.000000
3170.000000 2710.000000 7.000000
3160.000000 2700.000000 7.000000
3170.000000 2700.000000 7.000000
3180.000000 2700.000000 7.000000
3180.000000 2690.000000 7.000000
3180.000000 2680.000000 7.000000
3180.000000 2670.000000 7.000000
3180.000000 2660.000000 7.000000
3190.000000 2660.000000 7.000000
3200.000000 2660.000000 7.000000
3190.000000 2650.000000 7.000000
3180.000000 2640.000000 7.000000
3190.000000 2640.000000 7.000000
3200.000000 2640.000000 7.000000
3190.000000 2630.000000 7.000000
3180.000000 2620.000000 7.000000
3190.000000 2620.000000 7.000000
3200.000000 2620.000000 7.000000
3190.000000 2610.000000 7.000000
3180.000000 2600.000000 7.000000
3190.000000 2600.000000 7.000000
3200.000000 2600.000000 7.000000
3190.000000 2590.000000 7.000000
3180.000000 2580.000000 7.000000
3190.000000 2580.000000 7.000000
3200.000000 2580.000000 7.000000
3190.000000 2570.000000 7.000000
3180.000000 2560.000000 7.000000
3190.000000 2560.000000 7.000000
3200.000000 2560.000000 7.000000
3190.000000 2550.000000 7.000000
3180.000000 2540.000000 7.000000
3190.000000 2540.000000 7.000000
3200.000000 2540.000000 7.000000
3190.000000 2530.000000 7.000000
3180.000000 2520.000000 7.000000
3170.000000 2510.000000 7.000000
3160.000000 2500.000000 7.000000
3170.000000 2500.000000 7.000000
3180.000000 2500.000000 7.000000
3167.320000 2490.730000 7.000000
3154.630000 2481.460000 7.000000
3141.950000 2472.200000 7.000000
3129.270000 2462.930000 7.000000
3116.590000 2453.660000 7.000000
3103.900000 2444.390000 7.000000
3091.220000 2435.120000 7.000000
3078.540000 2425.850000 7.000000
3065.850000 2416.590000 7.000000
3053.170000 2407.320000 7.000000
3040.490000 2398.050000 7.000000
3027.800000 2388.780000 7.000000
3015.120000 2379.510000 7.000000
3002.440000 2370.240000 7.000000
2989.760000 2360.980000 7.000000
2977.070000 2351.710000 7.000000
2964.390000 2342.440000 7.000000
2951.710000 2333.170000 7.000000
2939.020000 2323.900000 7.000000
2926.340000 2314.630000 7.000000
2913.660000 2305.370000 7.000000
2900.980000 2296.100000 7.000000
2888.290000 2286.830000 7.000000
2875.610000 2277.560000 7.000000
2862.930000 2268.290000 7.000000
2850.240000 2259.020000 7.000000
2837.560000 2249.760000 7.000000
2824.880000 2240.490000 7.000000
2812.200000 2231.220000 7.000000
2799.510000 2221.950000 7.000000
2786.830000 2212.680000 7.000000
2774.150000 2203.410000 7.000000
2761.460000 2194.150000 7.000000
2748.780000 2184.880000 7.000000
2736.100000 2175.610000 7.000000
2723.410000 2166.340000 7.000000
2710.730000 2157.070000 7.000000
2698.050000 2147.800000 7.000000
2685.370000 2138.540000 7.000000
2672.680000 2129.270000 7.000000
2660.000000 2120.000000 7.000000
2644.550000 2120.000000 7.000000
2629.090000 2120.000000 7.000000
2613.640000 2120.000000 7.000000
2598.180000 2120.000000 7.000000
2582.730000 2120.000000 7.000000
2567.270000 2120.000000 7.000000
2551.820000 2120.000000 7.000000
2536.360000 2120.000000 7.000000
2520.910000 2120.000000 7.000000
2505.450000 2120.000000 7.000000
2490.000000 2120.000000 7.000000
2474.550000 2120.000000 7.000000
2459.090000 2120.000000 7.000000
2443.640000 2120.000000 7.000000
2428.180000 2120.000000 7.000000
2412.730000 2120.000000 7.000000
2397.270000 2120.000000 7.000000
2381.820000 2120.000000 7.000000
2366.360000 2120.000000 7.000000
2350.910000 2120.000000 7.000000
2335.450000 2120.000000 7.000000
2320.000000 2120.000000 7.000000
1780.000000 2500.000000 7.000000
