2500.00000
2500.00000
2490.49000
2480.97000
2471.50000
2462.02000
2452.62000
2443.22000
2433.94000
2424.66000
2415.52000
2406.39000
2397.45000
2388.50000
2379.78000
2371.06000
2362.60000
2354.14000
2345.97000
2337.81000
2329.97000
2322.13000
2314.65000
2307.16000
2300.07000
2292.98000
2286.30000
2279.62000
2273.39000
2267.16000
2261.39000
2255.63000
2250.35000
2245.08000
2240.32000
2235.56000
2231.34000
2227.11000
2223.43000
2219.76000
2216.64000
2213.53000
2210.99000
2208.46000
2206.51000
2204.56000
2203.20000
2201.85000
2201.09000
2200.34000
2200.19000
2200.04000
2200.49000
2200.94000
2202.00000
2203.05000
2204.71000
2206.36000
2208.60000
2210.85000
2213.67000
2216.50000
2219.90000
2223.29000
2227.25000
2231.20000
2235.70000
2240.19000
2245.21000
2250.23000
2255.75000
2261.27000
2267.27000
2273.28000
2279.73000
2286.19000
2293.08000
2299.97000
2307.26000
2314.55000
2322.22000
2329.88000
2337.89000
2345.90000
2354.21000
2362.53000
2371.13000
2379.72000
2388.56000
2397.39000
2406.44000
2415.48000
2424.69000
2433.91000
2443.25000
2452.60000
2462.04000
2471.48000
2480.98000
2490.48000
2500.00000
2509.52000
2519.02000
2528.52000
2537.96000
2547.40000
2556.75000
2566.09000
2575.31000
2584.52000
2593.56000
2602.61000
2611.44000
2620.28000
2628.87000
2637.47000
2645.79000
2654.10000
2662.11000
2670.12000
2677.78000
2685.45000
2692.74000
2700.03000
2706.92000
2713.81000
2720.27000
2726.72000
2732.73000
2738.73000
2744.25000
2749.77000
2754.79000
2759.81000
2764.30000
2768.80000
2772.75000
2776.71000
2780.10000
2783.50000
2786.33000
2789.15000
2791.40000
2793.64000
2795.29000
2796.95000
2798.00000
2799.06000
2799.51000
2799.96000
2799.81000
2799.66000
2798.91000
2798.15000
2796.80000
2795.44000
2793.49000
2791.54000
2789.01000
2786.47000
2783.36000
2780.24000
2776.57000
2772.89000
2768.66000
2764.44000
2759.68000
2754.92000
2749.65000
2744.37000
2738.61000
2732.84000
2726.61000
2720.38000
2713.70000
2707.02000
2699.93000
2692.84000
2685.35000
2677.87000
2670.03000
2662.19000
2654.03000
2645.86000
2637.40000
2628.94000
2620.22000
2611.50000
2602.55000
2593.61000
2584.48000
2575.34000
2566.06000
2556.78000
2547.38000
2537.98000
2528.50000
2519.03000
2509.51000
2500.00000
2893.37000
2893.37000
2885.67000
2877.89000
2862.57000
2859.89000
2848.50000
2842.66000
2837.71000
2831.08000
2816.99000
2803.78000
2788.23000
2772.72000
2764.44000
2745.09000
2730.85000
2743.23000
2721.83000
2709.83000
2692.77000
2682.42000
2670.19000
2658.39000
2645.25000
2632.13000
2621.52000
2611.39000
2602.49000
2593.59000
2591.73000
2572.48000
2570.29000
2553.72000
2544.51000
2533.14000
2524.06000
2512.65000
2502.57000
2488.28000
2479.66000
2469.94000
2466.16000
2462.81000
2458.37000
2455.70000
2448.77000
2439.74000
2429.40000
2419.06000
2408.72000
2398.38000
2388.04000
2377.70000
2367.36000
2357.03000
2346.69000
2336.35000
2326.01000
2315.67000
2305.33000
2295.00000
2284.66000
2274.32000
2263.98000
2253.64000
2243.31000
2232.97000
2222.63000
2212.29000
2201.95000
2191.61000
2181.27000
2169.09000
2164.99000
2156.58000
2151.58000
2148.28000
2142.24000
2136.25000
2130.26000
2124.26000
2118.27000
2112.28000
2106.28000
2100.06000
2098.62000
2092.68000
2092.00000
2092.00000
2092.00000
2092.00000
2092.00000
2092.00000
2092.00000
2092.00000
2092.00000
2092.00000
2092.00000
2092.00000
2092.00000
2092.00000
2092.00000
2092.00000
2092.00000
2092.00000
2092.00000
2092.00000
2092.00000
2092.52000
2096.60000
2099.69000
2105.44000
2111.15000
2116.86000
2122.57000
2128.44000
2133.43000
2135.43000
2141.32000
2146.14000
2154.76000
2163.55000
2169.98000
2175.49000
2186.56000
2195.15000
2211.02000
2220.81000
2230.64000
2240.46000
2250.10000
2260.00000
2269.82000
2279.66000
2289.41000
2299.26000
2309.05000
2318.80000
2328.26000
2338.27000
2349.71000
2359.62000
2369.44000
2379.38000
2389.25000
2399.14000
2408.85000
2418.99000
2429.00000
2438.91000
2446.82000
2456.88000
2460.25000
2463.50000
2466.59000
2468.45000
2483.16000
2491.03000
2499.23000
2508.47000
2520.04000
2532.91000
2545.88000
2555.63000
2566.30000
2572.00000
2576.72000
2583.34000
2591.60000
2610.71000
2616.33000
2624.73000
2633.31000
2645.83000
2657.19000
2668.97000
2675.79000
2679.75000
2693.69000
2708.69000
2715.80000
2719.75000
2733.27000
2745.47000
2751.43000
2756.51000
2767.29000
2775.24000
2782.93000
2793.25000
2802.27000
2814.24000
2833.51000
2840.06000
2843.09000
2863.10000
2853.82000
2867.18000
2873.24000
2879.10000
2885.37000
2899.63000
2901.59000
2922.38000
2913.43000
2925.29000
2935.02000
2940.16000
2945.41000
2960.95000
2962.88000
2981.66000
2983.87000
3000.50000
2998.24000
3016.56000
3021.11000
3026.34000
3034.50000
3046.44000
3043.58000
3043.90000
3046.79000
3061.46000
3062.00000
3085.50000
3082.82000
3080.15000
3083.10000
3098.17000
3103.39000
3107.86000
3108.00000
3108.00000
3108.00000
3108.00000
3108.00000
3108.00000
3108.00000
3106.00000
3106.00000
3106.00000
3106.00000
3106.00000
3106.00000
3106.00000
3106.00000
3106.00000
3106.00000
3106.00000
3106.00000
3106.00000
3106.00000
3106.00000
3106.00000
3106.00000
3106.00000
3106.00000
3106.00000
3106.00000
3106.00000
3106.00000
3106.00000
3108.00000
3108.00000
3108.00000
3108.00000
3108.00000
3107.96000
3106.29000
3103.76000
3104.55000
3091.62000
3083.32000
3080.36000
3071.74000
3060.57000
3052.21000
3066.32000
3071.53000
3078.65000
3062.17000
3057.26000
3052.71000
3060.22000
3046.59000
3036.25000
3036.37000
3019.05000
3015.51000
2998.43000
2995.71000
2978.84000
2975.57000
2966.13000
2955.70000
2955.83000
2938.51000
2935.98000
2923.94000
2919.28000
2914.29000
2903.38000
2893.37000
2124.94000
2124.94000
2103.03000
2098.03000
2098.00000
2098.00000
2098.00000
2098.00000
2100.00000
2100.00000
2100.00000
2100.00000
2100.00000
2100.00000
2100.00000
2100.00000
2098.00000
2098.00000
2098.00000
2098.00000
2098.00000
2098.00000
2098.61000
2102.83000
2106.92000
2119.04000
2120.96000
2129.69000
2137.70000
2145.69000
2153.71000
2162.98000
2174.43000
2183.62000
2191.72000
2200.61000
2209.50000
2218.38000
2227.26000
2236.15000
2245.03000
2253.92000
2263.60000
2274.44000
2284.44000
2294.47000
2302.99000
2309.68000
2317.70000
2325.69000
2333.71000
2342.98000
2354.42000
2364.44000
2374.47000
2382.99000
2389.67000
2397.70000
2405.69000
2413.70000
2421.04000
2424.87000
2428.80000
2432.80000
2438.42000
2442.44000
2446.40000
2450.38000
2454.07000
2462.56000
2470.93000
2487.58000
2500.11000
2508.98000
2520.02000
2531.89000
2542.48000
2550.73000
2566.25000
2572.53000
2576.34000
2579.98000
2591.62000
2606.24000
2611.49000
2616.13000
2631.66000
2641.78000
2657.67000
2652.48000
2665.87000
2671.31000
2677.35000
2691.65000
2701.22000
2708.96000
2717.49000
2712.74000
2727.23000
2732.02000
2738.06000
2744.16000
2754.35000
2757.56000
2760.77000
2777.78000
2772.93000
2786.39000
2791.49000
2796.65000
2817.79000
2812.93000
2826.39000
2831.49000
2836.65000
2854.60000
2866.24000
2871.45000
2877.71000
2880.54000
2890.43000
2897.50000
2907.41000
2913.66000
2922.60000
2936.53000
2935.98000
2956.52000
2952.38000
2966.70000
2973.01000
2979.87000
2994.72000
2999.67000
3001.04000
3014.92000
3016.75000
3018.58000
3026.75000
3040.02000
3037.62000
3033.99000
3034.83000
3035.69000
3055.58000
3055.01000
3062.33000
3078.81000
3077.79000
3084.03000
3096.19000
3099.55000
3101.92000
3102.00000
3102.00000
3102.00000
3102.00000
3102.00000
3100.00000
3100.00000
3100.00000
3100.00000
3100.00000
3100.00000
3100.00000
3100.00000
3100.00000
3100.00000
3100.00000
3100.00000
3100.00000
3100.00000
3100.00000
3100.00000
3100.00000
3100.00000
3100.00000
3100.00000
3100.00000
3100.00000
3100.00000
3100.00000
3100.00000
3100.00000
3100.00000
3100.00000
3102.00000
3102.00000
3102.00000
3102.00000
3102.00000
3102.00000
3102.00000
3102.00000
3102.00000
3101.89000
3098.23000
3095.45000
3087.50000
3078.93000
3074.99000
3053.22000
3047.32000
3041.89000
3038.71000
3041.48000
3045.33000
3035.62000
3025.26000
3023.77000
3019.13000
3004.06000
2997.31000
3007.10000
2995.32000
2988.68000
2976.25000
2969.06000
2953.12000
2942.25000
2939.61000
2923.83000
2903.43000
2902.59000
2900.26000
2901.07000
2895.55000
2887.67000
2879.17000
2872.47000
2871.46000
2855.69000
2846.54000
2835.90000
2838.54000
2835.85000
2824.51000
2811.98000
2809.28000
2796.73000
2789.61000
2776.07000
2776.78000
2769.14000
2761.11000
2751.37000
2742.51000
2734.69000
2728.24000
2718.18000
2710.33000
2699.97000
2693.50000
2687.41000
2669.77000
2652.85000
2640.04000
2629.32000
2621.05000
2612.78000
2603.85000
2590.45000
2586.97000
2577.16000
2570.72000
2566.58000
2554.64000
2544.88000
2535.47000
2527.29000
2516.02000
2505.93000
2491.18000
2483.70000
2474.89000
2470.80000
2467.00000
2460.32000
2453.66000
2446.99000
2440.32000
2433.66000
2426.94000
2422.16000
2414.53000
2404.44000
2394.44000
2384.44000
2374.44000
2363.60000
2353.93000
2345.03000
2336.15000
2327.26000
2318.38000
2309.49000
2300.61000
2291.71000
2283.61000
2274.45000
2264.44000
2254.44000
2244.44000
2234.36000
2221.52000
2219.60000
2223.30000
2213.63000
2206.44000
2198.94000
2192.44000
2186.65000
2182.07000
2174.04000
2166.05000
2157.50000
2152.35000
2145.61000
2141.15000
2134.76000
2126.71000
2125.92000
2124.94000
3110.00000
3110.00000
3106.33000
3114.98000
3105.92000
3115.56000
3111.47000
3106.61000
3095.04000
3089.61000
3086.58000
3074.92000
3070.98000
3069.66000
3066.83000
3053.33000
3051.76000
3049.60000
3047.23000
3033.44000
3031.77000
3025.82000
3014.25000
3010.79000
3009.66000
3006.28000
2990.12000
2983.89000
2975.50000
2975.43000
2971.54000
2969.20000
2965.53000
2957.88000
2949.44000
2945.89000
2933.32000
2925.08000
2914.05000
2906.67000
2891.44000
2883.58000
2864.99000
2846.54000
2832.03000
2823.13000
2810.18000
2807.51000
2797.29000
2784.75000
2773.15000
2759.22000
2751.02000
2741.52000
2730.79000
2715.35000
2708.82000
2693.18000
2686.04000
2673.98000
2664.69000
2644.35000
2634.62000
2625.02000
2611.25000
2600.39000
2585.11000
2571.32000
2571.94000
2554.14000
2517.14000
2506.21000
2498.24000
2494.49000
2490.44000
2496.43000
2485.30000
2476.76000
2467.14000
2458.49000
2452.02000
2441.50000
2431.11000
2420.72000
2410.33000
2399.94000
2389.55000
2379.16000
2368.77000
2358.38000
2347.99000
2337.60000
2327.21000
2316.82000
2306.43000
2296.04000
2285.65000
2275.26000
2264.87000
2254.48000
2244.09000
2226.90000
2216.86000
2206.26000
2193.90000
2185.25000
2176.68000
2168.12000
2159.55000
2150.97000
2141.29000
2137.48000
2133.67000
2126.99000
2120.32000
2113.56000
2109.46000
2105.06000
2113.78000
2124.01000
2124.00000
2124.00000
2124.00000
2124.00000
2124.00000
2124.00000
2124.00000
2124.00000
2124.00000
2124.00000
2124.00000
2124.00000
2124.00000
2124.00000
2124.00000
2124.00000
2124.00000
2125.45000
2133.06000
2137.85000
2146.05000
2154.04000
2162.04000
2171.03000
2181.39000
2191.26000
2186.55000
2194.79000
2198.57000
2204.52000
2210.19000
2219.34000
2228.51000
2238.51000
2248.50000
2258.50000
2268.49000
2278.48000
2288.47000
2298.47000
2308.46000
2318.30000
2327.04000
2335.92000
2344.81000
2353.69000
2362.58000
2371.46000
2380.35000
2389.25000
2399.15000
2405.29000
2412.47000
2431.17000
2454.26000
2459.44000
2464.63000
2469.80000
2475.33000
2480.99000
2487.23000
2498.71000
2510.32000
2518.52000
2529.09000
2537.60000
2545.90000
2553.38000
2566.91000
2565.87000
2573.26000
2582.11000
2598.67000
2606.72000
2615.37000
2624.75000
2634.44000
2644.79000
2652.89000
2664.08000
2668.61000
2683.57000
2693.01000
2704.08000
2708.61000
2723.57000
2733.01000
2744.08000
2748.64000
2765.78000
2773.26000
2786.27000
2794.63000
2806.76000
2814.28000
2827.73000
2828.54000
2840.46000
2848.65000
2853.06000
2862.01000
2867.85000
2875.58000
2886.74000
2894.28000
2907.74000
2909.00000
2926.54000
2928.74000
2944.19000
2947.96000
2950.47000
2962.43000
2967.35000
2972.92000
2977.40000
2981.19000
2985.07000
2989.01000
3008.46000
3010.16000
3021.98000
3029.70000
3037.39000
3044.63000
3054.03000
3050.38000
3062.57000
3067.79000
3073.12000
3073.61000
3086.16000
3090.41000
3093.85000
3112.07000
3109.99000
3110.00000
3110.00000
3110.00000
3110.00000
3110.00000
3110.00000
3110.00000
3110.00000
3110.00000
3110.00000
3110.00000
3110.00000
3110.00000
3110.00000
2866.47000
2866.47000
2866.22000
2865.91000
2881.33000
2886.18000
2890.22000
2906.63000
2915.36000
2922.59000
2933.07000
2946.02000
2958.19000
2971.88000
2981.96000
2987.55000
2995.75000
3008.01000
3004.85000
3001.84000
3019.42000
3024.16000
3040.06000
3046.34000
3058.55000
3064.25000
3067.71000
3069.90000
3081.51000
3085.00000
3092.18000
3099.17000
3108.48000
3103.06000
3100.03000
3109.41000
3110.00000
3109.92000
3113.82000
3114.00000
3114.00000
3114.00000
3114.00000
3112.00000
3111.99000
3116.00000
3116.00000
3111.92000
3112.00000
3112.00000
3112.00000
3112.00000
3112.00000
3112.00000
3112.00000
3112.00000
3112.00000
3112.00000
3114.00000
3114.00000
3114.00000
3114.00000
3114.00000
3114.00000
3113.77000
3109.72000
3105.24000
3093.53000
3089.57000
3087.36000
3084.23000
3073.48000
3069.57000
3067.41000
3064.49000
3050.71000
3032.60000
3018.08000
3053.03000
3043.89000
3038.07000
3026.34000
3027.31000
3030.67000
3018.99000
3008.90000
3006.21000
2987.21000
2985.68000
2971.70000
2966.22000
2972.43000
2963.47000
2954.62000
2937.23000
2924.78000
2924.18000
2914.50000
2906.69000
2906.25000
2897.59000
2889.12000
2884.78000
2871.09000
2863.83000
2858.62000
2852.28000
2845.35000
2839.17000
2846.28000
2822.64000
2807.29000
2800.01000
2783.51000
2773.47000
2767.53000
2761.59000
2747.63000
2739.59000
2723.32000
2711.34000
2697.33000
2697.27000
2693.58000
2682.43000
2674.53000
2655.02000
2640.17000
2630.00000
2619.99000
2608.54000
2599.80000
2589.78000
2570.41000
2561.61000
2552.44000
2526.67000
2510.82000
2497.69000
2482.54000
2478.58000
2477.68000
2477.39000
2478.77000
2477.84000
2477.73000
2477.60000
2477.53000
2477.44000
2477.39000
2477.33000
2476.87000
2475.75000
2476.56000
2487.24000
2495.29000
2507.09000
2520.02000
2533.47000
2546.40000
2556.33000
2569.60000
2574.62000
2580.71000
2584.93000
2588.91000
2596.04000
2607.78000
2619.64000
2622.04000
2632.06000
2645.13000
2655.34000
2667.25000
2677.88000
2683.42000
2689.71000
2707.58000
2717.88000
2723.42000
2729.74000
2749.61000
2755.68000
2762.82000
2776.05000
2788.96000
2797.06000
2802.81000
2816.05000
2828.96000
2837.07000
2842.55000
2850.80000
2858.41000
2866.47000
2853.56000
2853.56000
2872.33000
2891.18000
2900.51000
2906.82000
2913.49000
2923.47000
2924.68000
2927.38000
2931.17000
2945.98000
2945.95000
2964.49000
2966.94000
2981.90000
2993.31000
3000.34000
3012.13000
3009.85000
3006.29000
3022.53000
3029.94000
3044.87000
3047.09000
3062.06000
3066.27000
3069.25000
3073.85000
3081.60000
3092.07000
3089.39000
3086.71000
3104.71000
3109.99000
3110.00000
3110.00000
3113.56000
3115.79000
3116.00000
3116.00000
3116.00000
3116.00000
3116.00000
3116.00000
3116.00000
3116.00000
3116.00000
3116.00000
3116.00000
3116.00000
3116.00000
3116.00000
3116.00000
3116.00000
3115.62000
3111.33000
3110.00000
3110.00000
3110.00000
3110.00000
3110.00000
3110.00000
3110.00000
3110.00000
3109.74000
3106.19000
3100.36000
3108.57000
3098.23000
3089.98000
3081.41000
3088.57000
3080.57000
3074.42000
3067.65000
3064.35000
3060.37000
3046.26000
3049.91000
3047.91000
3045.65000
3040.99000
3030.96000
3029.72000
3026.99000
3025.81000
3021.65000
3006.65000
3002.45000
2993.83000
2989.29000
2987.92000
2985.87000
2981.54000
2963.40000
2952.85000
2943.64000
2941.96000
2927.54000
2922.65000
2910.45000
2904.30000
2897.41000
2886.22000
2880.94000
2872.92000
2867.81000
2858.91000
2843.32000
2832.39000
2818.18000
2803.92000
2792.25000
2781.00000
2772.53000
2759.91000
2751.26000
2744.38000
2734.00000
2723.90000
2713.80000
2706.15000
2705.12000
2694.60000
2687.59000
2669.95000
2660.36000
2644.69000
2634.14000
2620.10000
2608.26000
2598.14000
2590.59000
2582.79000
2574.46000
2573.25000
2551.82000
2541.42000
2533.63000
2526.29000
2525.09000
2527.69000
2523.93000
2516.72000
2488.15000
2487.59000
2486.48000
2486.06000
2485.21000
2483.20000
2483.65000
2483.58000
2483.50000
2483.33000
2483.26000
2483.18000
2482.94000
2481.55000
2480.30000
2478.91000
2475.79000
2473.09000
2487.04000
2495.20000
2506.68000
2520.00000
2533.59000
2544.60000
2552.45000
2562.54000
2568.70000
2588.03000
2596.00000
2608.44000
2613.79000
2620.18000
2627.63000
2635.37000
2643.10000
2651.95000
2662.74000
2667.34000
2682.68000
2691.94000
2702.74000
2707.37000
2732.08000
2742.91000
2747.40000
2764.60000
2772.60000
2783.85000
2786.76000
2804.60000
2812.60000
2823.85000
2826.76000
2845.43000
2853.56000
2500.00000
2500.00000
2510.00000
2520.00000
2530.00000
2540.00000
2540.00000
2540.00000
2550.00000
2560.00000
2560.00000
2560.00000
2570.00000
2580.00000
2580.00000
2580.00000
2590.00000
2600.00000
2600.00000
2600.00000
2610.00000
2620.00000
2630.00000
2640.00000
2640.00000
2640.00000
2650.00000
2660.00000
2660.00000
2660.00000
2670.00000
2680.00000
2690.00000
2700.00000
2700.00000
2700.00000
2710.00000
2720.00000
2720.00000
2720.00000
2730.00000
2740.00000
2740.00000
2740.00000
2750.00000
2760.00000
2760.00000
2760.00000
2770.00000
2780.00000
2790.00000
2800.00000
2800.00000
2800.00000
2800.00000
2800.00000
2810.00000
2820.00000
2820.00000
2820.00000
2830.00000
2840.00000
2840.00000
2840.00000
2850.00000
2860.00000
2860.00000
2860.00000
2870.00000
2880.00000
2880.00000
2880.00000
2890.00000
2900.00000
2900.00000
2900.00000
2910.00000
2920.00000
2920.00000
2920.00000
2930.00000
2940.00000
2940.00000
2940.00000
2950.00000
2960.00000
2960.00000
2960.00000
2970.00000
2980.00000
2980.00000
2980.00000
2990.00000
3000.00000
3000.00000
3000.00000
3010.00000
3020.00000
3020.00000
3020.00000
3030.00000
3040.00000
3040.00000
3040.00000
3050.00000
3060.00000
3050.00000
3040.00000
3050.00000
3060.00000
3060.00000
3060.00000
3070.00000
3080.00000
3070.00000
3060.00000
3070.00000
3080.00000
3080.00000
3080.00000
3080.00000
3080.00000
3080.00000
3080.00000
3080.00000
3080.00000
3080.00000
3080.00000
3080.00000
3080.00000
3080.00000
3080.00000
3080.00000
3080.00000
3080.00000
3080.00000
3080.00000
3080.00000
3080.00000
3080.00000
3080.00000
3080.00000
3080.00000
3080.00000
3080.00000
3080.00000
3080.00000
3080.00000
3080.00000
3080.00000
3080.00000
3080.00000
3080.00000
3080.00000
3080.00000
3080.00000
3080.00000
3080.00000
3080.00000
3080.00000
3080.00000
3080.00000
3080.00000
3070.00000
3060.00000
3070.00000
3080.00000
3070.00000
3060.00000
3060.00000
3060.00000
3050.00000
3040.00000
3050.00000
3060.00000
3050.00000
3040.00000
3040.00000
3040.00000
3030.00000
3020.00000
3030.00000
3040.00000
3030.00000
3020.00000
3010.00000
3000.00000
3010.00000
3020.00000
3010.00000
3000.00000
3000.00000
3000.00000
3000.00000
3000.00000
2990.00000
2980.00000
2980.00000
2980.00000
2970.00000
2960.00000
2960.00000
2960.00000
2950.00000
2940.00000
2940.00000
2940.00000
2930.00000
2920.00000
2920.00000
2920.00000
2920.00000
2920.00000
2910.00000
2900.00000
2900.00000
2900.00000
2890.00000
2880.00000
2880.00000
2880.00000
2870.00000
2860.00000
2860.00000
2860.00000
2850.00000
2840.00000
2830.00000
2820.00000
2820.00000
2820.00000
2810.00000
2800.00000
2800.00000
2800.00000
2790.00000
2780.00000
2780.00000
2780.00000
2770.00000
2760.00000
2760.00000
2760.00000
2760.00000
2760.00000
2750.00000
2740.00000
2740.00000
2740.00000
2730.00000
2720.00000
2720.00000
2720.00000
2710.00000
2700.00000
2700.00000
2700.00000
2690.00000
2680.00000
2670.00000
2660.00000
2660.00000
2660.00000
2650.00000
2640.00000
2640.00000
2640.00000
2630.00000
2620.00000
2620.00000
2620.00000
2610.00000
2600.00000
2600.00000
2600.00000
2590.00000
2580.00000
2580.00000
2580.00000
2570.00000
2560.00000
2560.00000
2560.00000
2550.00000
2540.00000
2540.00000
2540.00000
2530.00000
2520.00000
2510.00000
2500.00000
2500.00000
2500.00000
2490.73000
2481.46000
2472.20000
2462.93000
2453.66000
2444.39000
2435.12000
2425.85000
2416.59000
2407.32000
2398.05000
2388.78000
2379.51000
2370.24000
2360.98000
2351.71000
2342.44000
2333.17000
2323.90000
2314.63000
2305.37000
2296.10000
2286.83000
2277.56000
2268.29000
2259.02000
2249.76000
2240.49000
2231.22000
2221.95000
2212.68000
2203.41000
2194.15000
2184.88000
2175.61000
2166.34000
2157.07000
2147.80000
2138.54000
2129.27000
2120.00000
2120.00000
2120.00000
2120.00000
2120.00000
2120.00000
2120.00000
2120.00000
2120.00000
2120.00000
2120.00000
2120.00000
2120.00000
2120.00000
2120.00000
2120.00000
2120.00000
2120.00000
2120.00000
2120.00000
2120.00000
2120.00000
2120.00000
2500.00000
